0 5.68553937469 0
1 5.26524920276 1
2 5.10221208982 2
3 5.21068683872 3
4 5.0818400971 4
5 5.53502608396 5
6 5.86396121564 6
7 5.729099477 7
8 5.18436045146 8
9 5.3220235078 9
10 5.16949445846 10
11 5.72581164842 11
12 5.2274939879 12
13 8.69764514811 13
14 5.22209265913 14
15 5.03861189416 15
16 5.27444479138 16
17 6.01663190635 17
18 8.54744758677 18
19 5.1226275182 19
20 5.27244838864 20
21 5.52646716704 21
22 6.54607956118 22
23 6.24602662084 23
24 5.61433232477 24
25 5.65833821753 25
26 5.73848280394 26
27 5.25983126389 27
28 5.78022877686 28
29 6.15575431308 29
30 5.1090923392 30
31 5.01734313268 31
32 5.79712612204 32
33 5.12329522151 33
34 5.16540395991 34
35 6.00789642577 35
36 5.48866504551 36
37 5.12311908779 37
38 5.01586809527 38
39 5.31997808025 39
40 5.11283750603 40
41 5.52894428879 41
42 5.02583038689 42
43 5.62118304368 43
44 5.15156087111 44
45 5.09794379125 45
46 5.07695531987 46
47 5.27532120116 47
48 5.04976139197 48
49 5.08731882596 49
50 15.8002740702 50
51 5.46812182741 51
52 6.01340063489 52
53 5.24223004124 53
54 5.29106538884 54
55 5.02961918797 55
56 6.23281179402 56
57 5.30269276503 57
58 5.43018605755 58
59 5.05353199815 59
60 5.18540169007 60
61 5.0527931075 61
62 5.08162827848 62
63 5.73745722486 63
64 5.36459474122 64
65 5.14922195755 65
66 5.63231660264 66
67 5.56783332076 67
68 5.17821409911 68
69 5.12614742034 69
70 5.34607578641 70
71 5.03414382241 71
72 6.59989375867 72
73 5.09389667444 73
74 5.06063829122 74
75 5.3295520597 75
76 5.09399421696 76
77 7.33068369631 77
78 6.5894073271 78
79 6.60588875568 79
80 5.43456591959 80
81 8.69183601923 81
82 5.6314182203 82
83 5.70733873579 83
84 5.00832631604 84
85 5.79531920097 85
86 5.05357946259 86
87 5.74167314118 87
88 5.21217749864 88
89 5.31104805096 89
90 5.01412057818 90
91 5.03534343479 91
92 5.23964468112 92
93 5.00213049739 93
94 5.02566497352 94
95 6.46999558812 95
96 6.12493269607 96
97 6.85282902028 97
98 5.20224898348 98
99 5.0256575435 99
100 5.34328550254 100
101 5.04581261675 101
102 5.34168011971 102
103 5.5838170266 103
104 5.81308686075 104
105 5.20948206095 105
106 5.68318883971 106
107 5.78822934251 107
108 5.40312176352 108
109 5.0148724508 109
110 5.04125140241 110
111 5.40874318573 111
112 5.4238796957 112
113 5.03608648928 113
114 5.02604561285 114
115 5.08719849673 115
116 5.03135727539 116
117 5.12228767425 117
118 6.31790281864 118
119 5.09648658708 119
120 5.00096368662 120
121 5.22659049097 121
122 5.01535695498 122
123 5.50668710746 123
124 5.17873530346 124
125 5.11843027169 125
126 5.06285957701 126
127 5.75563391376 127
128 5.16741459555 128
129 5.50345913019 129
130 5.64645894987 130
131 6.13116472544 131
132 5.15322071152 132
133 5.11306127091 133
134 5.96663803989 134
135 5.12028027828 135
136 6.41080480882 136
137 5.1416401273 137
138 5.03381118979 138
139 5.06952374006 139
140 5.64645995928 140
141 5.15555599677 141
142 5.46064228079 142
143 5.1137054155 143
144 5.02014352699 144
145 5.06785607356 145
146 5.12988789539 146
147 5.26344692613 147
148 5.30684403723 148
149 5.08174885725 149
150 5.99382827983 150
151 5.0610170525 151
152 5.00175684018 152
153 6.53402913014 153
154 5.08877553384 154
155 8.64192705918 155
156 5.46474493556 156
157 5.18595701601 157
158 5.10001734008 158
159 6.54231599343 159
160 5.09431697325 160
161 6.95474841795 161
162 5.03003361285 162
163 6.15826412059 163
164 5.14891521285 164
165 5.08304494242 165
166 5.35893063557 166
167 5.04395293327 167
168 5.26599383874 168
169 6.22039639303 169
170 5.1005415969 170
171 5.23044253373 171
172 5.03927161922 172
173 5.41401235173 173
174 5.73748684426 174
175 5.4868751307 175
176 5.16510998665 176
177 5.00752452312 177
178 5.43037050775 178
179 5.98156839473 179
180 6.67368872518 180
181 5.79311080448 181
182 5.41714027599 182
183 5.52339199659 183
184 5.13706383552 184
185 5.01014693729 185
186 5.53075179109 186
187 5.11068738269 187
188 5.17317921978 188
189 5.64911416331 189
190 5.03351263685 190
191 5.00434370472 191
192 7.17397208913 192
193 5.04906337408 193
194 5.31202532669 194
195 5.02870721514 195
196 8.24125229511 196
197 5.02442197572 197
198 5.13421125856 198
199 5.03064472615 199
200 5.21746294198 200
201 5.12257339213 201
202 5.63612502271 202
203 6.62505741409 203
204 6.23802963727 204
205 5.24481199439 205
206 6.10181153438 206
207 5.20910454649 207
208 5.18004059586 208
209 5.04064864525 209
210 6.41213043398 210
211 6.63511087861 211
212 5.59860601375 212
213 5.06513134806 213
214 5.28357804526 214
215 6.02704654303 215
216 5.1902714015 216
217 5.80628655401 217
218 5.14880853171 218
219 9.09557868397 219
220 5.00670312902 220
221 5.11744607458 221
222 5.08375579661 222
223 5.08689410157 223
224 5.45481733507 224
225 5.01011377449 225
226 5.27317355187 226
227 5.5674790215 227
228 5.72796052148 228
229 5.65581125598 229
230 5.30284285902 230
231 5.03218862337 231
232 5.16577762957 232
233 5.59357508682 233
234 5.12432182795 234
235 5.04960299788 235
236 5.05606950087 236
237 5.19992516667 237
238 5.32255963616 238
239 5.05448583358 239
240 5.62536601906 240
241 5.13759514964 241
242 5.60179787575 242
243 5.22009654031 243
244 5.6114742424 244
245 5.12545098017 245
246 5.71235036849 246
247 5.10400564228 247
248 5.11634761835 248
249 5.12608602074 249
250 5.35634425682 250
251 5.14093965039 251
252 5.09288578898 252
253 5.22922439704 253
254 5.17524201015 254
255 5.11104466764 255
256 5.55990216487 256
257 5.06535075613 257
258 5.35314406333 258
259 5.96918987281 259
260 5.22612211084 260
261 5.02236104926 261
262 5.18993237229 262
263 5.01569054981 263
264 6.11220964832 264
265 5.09843973258 265
266 5.06763278977 266
267 6.48342724458 267
268 5.55351038671 268
269 5.3183468423 269
270 5.18301588433 270
271 5.26690215765 271
272 5.2549010133 272
273 5.57788686608 273
274 5.21594047433 274
275 5.45783960809 275
276 5.16377918696 276
277 5.25554525848 277
278 5.306882541 278
279 5.33672342663 279
280 6.03609838437 280
281 5.13120342675 281
282 5.11058478326 282
283 5.18301213187 283
284 5.07579559255 284
285 5.53831105907 285
286 5.10461630434 286
287 6.16554047104 287
288 5.55612984657 288
289 5.48271958212 289
290 5.08709768752 290
291 6.28750926898 291
292 7.08838237265 292
293 5.02392241721 293
294 5.11020420912 294
295 5.04543053811 295
296 5.05466927204 296
297 5.09482271993 297
298 5.22289294914 298
299 5.03009000792 299
300 5.33285969708 300
301 5.29723058669 301
302 5.39083972337 302
303 5.00068546011 303
304 5.28122629078 304
305 5.16772429344 305
306 5.1383093867 306
307 5.3702556363 307
308 5.33504937448 308
309 5.58378823487 309
310 5.30557088227 310
311 6.3576316766 311
312 5.01119100059 312
313 5.03864783113 313
314 5.15197744925 314
315 6.38800532994 315
316 5.36056837624 316
317 5.77777780653 317
318 6.66887201343 318
319 5.60724009932 319
320 5.06244595901 320
321 5.11439733616 321
322 5.58481630463 322
323 7.10111579245 323
324 5.34837219519 324
325 5.00370087167 325
326 5.04012292138 326
327 5.37960545548 327
328 5.02142886584 328
329 5.23466551209 329
330 5.05241846769 330
331 5.15354016102 331
332 5.02808751752 332
333 5.46079119339 333
334 5.20983018117 334
335 5.56803896841 335
336 7.33909011902 336
337 5.0489122839 337
338 5.25794256855 338
339 5.03141449557 339
340 5.72504409368 340
341 5.5318952989 341
342 5.26240575057 342
343 5.06749755953 343
344 6.35456531492 344
345 6.76219285246 345
346 5.70988379564 346
347 5.27070793481 347
348 6.82442423918 348
349 5.05261571859 349
350 5.24328913877 350
351 5.73213503892 351
352 5.05441462268 352
353 5.32212442997 353
354 5.82037566263 354
355 5.10318906951 355
356 5.16093015948 356
357 5.29344965501 357
358 5.08700550567 358
359 5.31145613014 359
360 5.72884384262 360
361 5.1399258067 361
362 5.24223529844 362
363 6.1600030399 363
364 5.34088477336 364
365 5.05837340001 365
366 5.01666035116 366
367 5.56490650576 367
368 5.71145605203 368
369 5.51160040627 369
370 5.29817719848 370
371 5.18575248523 371
372 5.93007441821 372
373 5.04137647236 373
374 5.42677824822 374
375 5.19437271327 375
376 5.23949989414 376
377 5.19007760265 377
378 5.16431547722 378
379 5.24717297201 379
380 5.85632961257 380
381 5.51063941888 381
382 5.01300662503 382
383 5.00534814377 383
384 5.49499800308 384
385 5.85922063929 385
386 5.11296059158 386
387 5.10092716304 387
388 5.82532753349 388
389 5.09185946166 389
390 5.1141086125 390
391 5.0903280088 391
392 5.39636874966 392
393 5.19340237169 393
394 5.90711060401 394
395 5.09864570972 395
396 5.83553222755 396
397 5.69956568911 397
398 5.17347621744 398
399 5.33168297268 399
400 5.25319469168 400
401 5.40427645306 401
402 6.39770256539 402
403 5.05336203985 403
404 5.2857926713 404
405 5.98399381669 405
406 5.79606969603 406
407 6.07970337909 407
408 5.15541618112 408
409 7.59257687783 409
410 5.14953446276 410
411 5.31568316937 411
412 5.1555385219 412
413 5.76999720443 413
414 5.75381867517 414
415 5.03372402899 415
416 5.24419127791 416
417 5.22738995925 417
418 7.3345405672 418
419 5.67887740819 419
420 5.43058736142 420
421 5.01482262935 421
422 5.36314140595 422
423 5.12068004064 423
424 5.21584307178 424
425 5.22930488192 425
426 6.54513076098 426
427 5.23344296406 427
428 5.01820662111 428
429 5.1024221136 429
430 5.3530738806 430
431 5.03573874991 431
432 6.36547814563 432
433 6.40752579587 433
434 5.07558634404 434
435 5.10394934498 435
436 5.41934915734 436
437 5.33087277688 437
438 5.22286484828 438
439 5.78472056378 439
440 6.62387952097 440
441 5.18861018479 441
442 6.00120708962 442
443 5.34008943581 443
444 5.36247745122 444
445 5.30317013865 445
446 5.10629287399 446
447 7.10660134947 447
448 5.47120540181 448
449 5.1364171128 449
450 5.01263617365 450
451 5.18163992612 451
452 5.14281949268 452
453 5.06299852591 453
454 5.04939068226 454
455 5.08912899351 455
456 5.17950868649 456
457 5.1634790877 457
458 5.97092115014 458
459 5.82783375757 459
460 5.70274146215 460
461 5.2128498869 461
462 6.54888841165 462
463 5.07597110763 463
464 5.47266439106 464
465 5.15307726093 465
466 6.42353734228 466
467 5.30331454288 467
468 5.01250037098 468
469 5.75842690124 469
470 5.51024485948 470
471 5.97882326343 471
472 5.05581827701 472
473 5.57822770555 473
474 5.12439642754 474
475 6.40283713421 475
476 5.64596259071 476
477 5.39619341843 477
478 5.47035747871 478
479 5.31870396224 479
480 5.22911583233 480
481 5.35269041074 481
482 5.22322869349 482
483 5.02373226795 483
484 5.0640959956 484
485 5.23594609961 485
486 5.29513434613 486
487 5.21760916864 487
488 5.12753077074 488
489 8.18241724398 489
490 5.16814170126 490
491 5.6783970442 491
492 5.01217506289 492
493 5.37923470916 493
494 5.26527824627 494
495 5.42726608733 495
496 5.03044406702 496
497 5.54720122995 497
498 5.28424022412 498
499 5.12956058895 499
500 5.10795928366 0
501 5.53868667235 1
502 5.0589977785 2
503 6.17389391815 3
504 5.23788471809 4
505 5.01467986275 5
506 6.23909604858 6
507 5.88032225255 7
508 5.14812206429 8
509 5.41355063264 9
510 5.26219765505 10
511 5.48189687533 11
512 5.13094185712 12
513 5.29911236678 13
514 5.60114686135 14
515 5.3726150901 15
516 5.22356125562 16
517 5.01689696467 17
518 7.98035650237 18
519 5.39211308258 19
520 5.07809491038 20
521 5.0177177493 21
522 8.23961571337 22
523 5.203657932 23
524 5.40532161658 24
525 5.05543573796 25
526 5.13283021973 26
527 5.60143604668 27
528 5.02201234409 28
529 5.07376132717 29
530 5.88594188399 30
531 9.93202360043 31
532 5.52681328897 32
533 5.2631177301 33
534 6.15743367835 34
535 5.37135221009 35
536 5.04007894061 36
537 5.26589954138 37
538 5.64234110959 38
539 5.88286472783 39
540 6.41030288381 40
541 5.50207228434 41
542 5.1792633157 42
543 9.75935027543 43
544 5.13614223274 44
545 5.00522440167 45
546 5.05947858671 46
547 7.07253900434 47
548 5.74970230935 48
549 5.14613312154 49
550 9.63798642609 50
551 5.08554233485 51
552 6.54942854723 52
553 5.46265396969 53
554 5.07026236286 54
555 5.8600140175 55
556 5.55162425934 56
557 5.14017010119 57
558 5.00514910957 58
559 5.17124237406 59
560 5.29831379221 60
561 5.38260859827 61
562 5.01247747827 62
563 5.47556670825 63
564 5.30045716029 64
565 8.21272376005 65
566 5.28984288821 66
567 5.34530376122 67
568 5.29163640804 68
569 5.05557950754 69
570 5.77901591512 70
571 5.86337567914 71
572 5.56645145639 72
573 6.34332942592 73
574 5.11344804809 74
575 5.22021356055 75
576 5.00776461217 76
577 5.31404151489 77
578 5.52823676114 78
579 5.03078484258 79
580 5.4225679263 80
581 5.58986406696 81
582 5.02808909316 82
583 5.09577025768 83
584 5.51613317694 84
585 5.13958435346 85
586 5.43435058103 86
587 5.61448461195 87
588 5.40951967239 88
589 5.31870392536 89
590 5.45796858241 90
591 7.29167032983 91
592 6.19094309616 92
593 5.26689642515 93
594 5.61034515867 94
595 5.96460849755 95
596 5.05836628119 96
597 5.06775322546 97
598 5.10713672112 98
599 6.7235558153 99
600 6.76070835932 100
601 5.2925310151 101
602 5.23640874077 102
603 5.12585699227 103
604 6.18822529219 104
605 5.70899208773 105
606 5.01812386957 106
607 5.13638078578 107
608 5.14726014529 108
609 5.5095070663 109
610 5.00026045777 110
611 6.22403450546 111
612 5.12641939099 112
613 5.13193559549 113
614 5.5457769775 114
615 5.16943937119 115
616 5.45149853146 116
617 5.58777240744 117
618 5.06013598628 118
619 5.71896887177 119
620 5.24722657421 120
621 5.35670347243 121
622 5.60542834047 122
623 5.13948018968 123
624 5.497544 124
625 5.11579732645 125
626 5.19929918295 126
627 6.95296358366 127
628 8.29995173725 128
629 5.94621173683 129
630 5.06640894049 130
631 5.0863472189 131
632 6.60593212068 132
633 16.8723024815 133
634 5.08116406394 134
635 5.51595113765 135
636 5.20840328068 136
637 6.27743073313 137
638 5.08315794876 138
639 5.18368904098 139
640 10.0516149886 140
641 5.26059112382 141
642 5.73331485691 142
643 5.18410747513 143
644 5.0482065715 144
645 5.43806028601 145
646 5.14265573223 146
647 5.38244383399 147
648 5.33947745504 148
649 7.19214596611 149
650 5.42740435038 150
651 5.08810217973 151
652 5.25857667959 152
653 5.0026047773 153
654 5.96007327894 154
655 5.32990701452 155
656 5.64914902886 156
657 5.19081720168 157
658 5.28462420901 158
659 5.10065527915 159
660 5.12050795269 160
661 5.07915321461 161
662 7.25224840215 162
663 5.57751039163 163
664 5.37459289956 164
665 5.31930275883 165
666 5.28365728596 166
667 6.646436972 167
668 5.22450438227 168
669 5.12411421823 169
670 5.48628727524 170
671 5.42811279393 171
672 5.08481375235 172
673 5.65298834424 173
674 5.01400160799 174
675 5.41733505884 175
676 5.13444550973 176
677 5.86400515151 177
678 6.06295259961 178
679 6.44377125738 179
680 5.15523321195 180
681 6.23589164605 181
682 5.56660270798 182
683 5.34763584166 183
684 5.26888980237 184
685 5.08206995759 185
686 5.12074367622 186
687 5.35481585449 187
688 6.27781218024 188
689 5.02768257596 189
690 5.02485231059 190
691 5.16330403443 191
692 6.53300997096 192
693 5.50059904773 193
694 5.47909016119 194
695 5.23385210378 195
696 5.03541483484 196
697 5.09803107469 197
698 5.41250611112 198
699 5.52464559559 199
700 7.02499621729 200
701 7.08205088708 201
702 5.07299145166 202
703 5.13135502376 203
704 5.78727318764 204
705 5.0776165975 205
706 5.68566531028 206
707 5.15474007615 207
708 5.17238600847 208
709 5.01534607867 209
710 5.93592478357 210
711 5.05322393722 211
712 7.18083622303 212
713 5.06895812372 213
714 6.05546124308 214
715 5.18340739462 215
716 5.45592935872 216
717 5.05332231153 217
718 5.84814679859 218
719 5.20126107451 219
720 7.77374288154 220
721 7.00396660091 221
722 5.18986412423 222
723 5.32328094336 223
724 5.22963614479 224
725 5.6602759592 225
726 5.01059938762 226
727 5.07034859568 227
728 5.16310294811 228
729 5.03325624957 229
730 5.06850128545 230
731 5.67304109165 231
732 5.11982545964 232
733 5.2738964282 233
734 5.30579734298 234
735 6.03850907304 235
736 5.46017023196 236
737 5.075059422 237
738 5.14713920191 238
739 5.281511844 239
740 5.23109780832 240
741 5.21980642317 241
742 5.57203185206 242
743 5.72935013826 243
744 5.93802552132 244
745 5.04158820569 245
746 5.18946870099 246
747 6.68719292907 247
748 5.01059424471 248
749 5.10645803262 249
750 6.71945712405 250
751 5.17872268003 251
752 5.10666620958 252
753 5.01427968132 253
754 5.3962566592 254
755 6.37999410046 255
756 5.4892292393 256
757 5.28434114766 257
758 5.2389725272 258
759 5.04346543793 259
760 5.52273200979 260
761 6.45010826241 261
762 5.0440223404 262
763 5.13736210905 263
764 5.01681094394 264
765 5.3364366707 265
766 5.1858323698 266
767 5.04636738817 267
768 5.8718840888 268
769 6.41566641127 269
770 5.12302933257 270
771 5.025985 271
772 5.06134466474 272
773 6.45051589426 273
774 5.0313178796 274
775 6.64989197255 275
776 5.47456905479 276
777 5.32801236226 277
778 5.46849647339 278
779 5.035115891 279
780 5.96488249106 280
781 5.04138069706 281
782 5.51150744004 282
783 5.84621837923 283
784 5.44138869945 284
785 5.18466978298 285
786 5.08836386324 286
787 5.49646385182 287
788 11.7241521093 288
789 5.2088144813 289
790 6.00922690304 290
791 5.09473216136 291
792 5.01303190233 292
793 5.27274087663 293
794 5.44258950671 294
795 5.53232327002 295
796 5.08754277152 296
797 5.34176515557 297
798 5.04118733572 298
799 5.1469457246 299
800 5.25088225165 300
801 5.40372766584 301
802 5.53111666695 302
803 5.44682690467 303
804 5.25107616498 304
805 5.71292572596 305
806 5.17353875016 306
807 5.11229795075 307
808 5.02550931177 308
809 5.12779452307 309
810 6.41822375142 310
811 5.12487618659 311
812 5.25018776973 312
813 5.3429828592 313
814 5.05990104566 314
815 5.11882301484 315
816 5.00745572197 316
817 5.11175324797 317
818 5.43158965081 318
819 5.06850579863 319
820 6.35425877271 320
821 5.25669826818 321
822 5.08339727553 322
823 5.13419763086 323
824 6.06520334921 324
825 5.04801414937 325
826 5.12273545178 326
827 6.46292098944 327
828 5.45951027948 328
829 5.53584674767 329
830 5.21386219831 330
831 6.05861241549 331
832 5.19663002475 332
833 5.40918033361 333
834 5.12178105865 334
835 5.5006694681 335
836 5.15411133217 336
837 8.94021277473 337
838 5.16903686459 338
839 5.25699660887 339
840 5.50666592669 340
841 5.10844335498 341
842 5.21680689623 342
843 5.30350001343 343
844 6.36198538849 344
845 6.76502436887 345
846 5.13572185933 346
847 5.33664423595 347
848 5.01334427926 348
849 5.05846748397 349
850 5.12841007395 350
851 5.41068112695 351
852 5.05072303642 352
853 6.45686542963 353
854 5.0598714502 354
855 5.24171693065 355
856 5.01174014578 356
857 5.56164275424 357
858 5.08723055476 358
859 7.10652377263 359
860 5.00295604536 360
861 5.11861832971 361
862 5.57128929584 362
863 5.51377446705 363
864 5.36683969927 364
865 5.71047837483 365
866 5.27270089033 366
867 6.24436561235 367
868 5.22497155744 368
869 5.22614776588 369
870 5.05807473828 370
871 5.28669256076 371
872 5.11008068656 372
873 5.2945360478 373
874 5.03758636371 374
875 5.18600464033 375
876 5.32534295012 376
877 6.04953466456 377
878 6.41822275921 378
879 5.2220530007 379
880 5.01959515642 380
881 5.14583600403 381
882 5.01014563828 382
883 5.01843777118 383
884 5.66599826103 384
885 5.2885305251 385
886 5.30569926162 386
887 5.63923248605 387
888 5.15164777477 388
889 5.55450184721 389
890 5.14464456011 390
891 5.05544067972 391
892 5.28981722394 392
893 5.54343395193 393
894 5.83153877314 394
895 5.01559801937 395
896 5.03304555873 396
897 5.0305388117 397
898 5.01481140756 398
899 5.06351512538 399
900 5.35440784063 400
901 5.22540496246 401
902 5.02112503802 402
903 5.72826521996 403
904 5.02967871764 404
905 5.09020325547 405
906 5.76189732352 406
907 6.07267492915 407
908 6.50802073918 408
909 5.1179848604 409
910 6.10962062051 410
911 5.07515281996 411
912 5.08334940786 412
913 5.04654630228 413
914 5.09253756256 414
915 5.46979860114 415
916 5.47472790723 416
917 5.14290247272 417
918 5.26060774921 418
919 5.08159661567 419
920 5.82938010954 420
921 6.0118897495 421
