0 2 1
0.0049 2 1
0.00978 1 1
0.01501 3 1
0.01992 1 1
0.02545 5 1
0.03038 1 1
0.03519 2 1
0.04029 1 1
0.04518 14 13
0.05015 2 1
0.05506 1 6
0.05968 1 1
0.06479 1 1
0.06975 2 1
0.07485 1 1
0.07995 1 1
0.08472 1 1
0.08962 1 1
0.09486 1 1
0.09989 39 1
0.10516 1 1
0.11042 1 1
0.11537 1 1
0.12013 1 1
0.12525 15 1
0.13026 4 1
0.13522 6 1
0.14017 4 2
0.14534 2 1
0.15008 1 3
0.15538 1 1
0.16009 3 1
0.16503 1 7
0.16976 2 1
0.17436 9 1
0.17927 1 1
0.185 3 1
0.18976 1 6
0.19506 7 1
0.19962 3 5
0.20442 93 2
0.20952 1 3
0.21454 2 2
0.21951 2 3
0.22443 1 2
0.22954 1 98
0.23467 1 1
0.23978 1 2
0.24492 1 2
0.25017 4 1
0.25523 1 1
0.26058 1 4
0.26553 1 7
0.27071 1 6
0.27545 2 1
0.28034 2 1
0.2852 1 2
0.29002 1 3
0.2952 2 1
0.30043 2 1
0.30548 12 6
0.31065 1 1
0.31616 1 1
0.3214 1 2
0.32648 1 1
0.33147 23 18
0.3363 1 1
0.34149 2 3
0.34657 1 1
0.3517 1 1
0.35687 3 1
0.36191 1 1
0.36666 1 1
0.37142 1 1
0.37618 2 2
0.38131 1 7
0.38623 3 1
0.39177 4 1
0.39706 1 7
0.40181 1 1
0.4073 1 7
0.41228 1 14
0.41727 1 3
0.4224 1 2
0.42738 1 15
0.43255 3 1
0.43752 7 1
0.44244 6 1
0.44766 8 1
0.45206 1 1
0.45674 2 1
0.46177 10 1
0.46687 1 10
0.47192 4 1
0.47648 1 7
0.48163 6 22
0.48702 1 1
0.49192 1 1
0.49688 1 1
0.50193 1 1
0.50692 2 2
0.51163 1 1
0.51651 3 4
0.52133 13 1
0.52613 1 1
0.53116 1 1
0.53607 1 1
0.5411 5 1
0.54618 1 1
0.55101 1 1
0.55615 1 2
0.56109 1 1
0.5664 4 21
0.57152 2 1
0.57634 1 2
0.58112 2 57
0.58603 1 2
0.59127 1 1
0.59592 1 2
0.60042 1 1
0.60556 1 1
0.61012 1 1
0.61533 1 3
0.62016 16 1
0.62516 1 3
0.63034 1 1
0.6355 3 5
0.64075 1 1
0.64564 2 2
0.65039 1 1
0.65571 7 2
0.66059 4 2
0.66591 1 6
0.67108 1 1
0.67616 1 2
0.68154 20 1
0.68648 1 1
0.69154 1 2
0.69641 1 1
0.70156 1 2
0.70659 1 1
0.71104 3 1
0.71602 1 1
0.7209 1 19
0.72596 5 1
0.73051 2 1
0.73576 16 3
0.74026 3 6
0.74541 1 1
0.75033 2 2
0.75498 3 2
0.7602 1 2
0.76528 2 1
0.7704 4 1
0.77543 1 3
0.78017 2 1
0.78527 1 1
0.7902 2 7
0.79501 1 2
0.79972 6 13
0.80445 1 3
0.80928 1 1
0.81447 1 1
0.81944 1 1
0.82429 1 1
0.82932 2 2
0.83454 1 1
0.83952 1 3
0.84432 7 1
0.84947 1 2
0.85423 8 18
0.8594 1 1
0.86469 1 1
0.86959 1 2
0.87463 1 9
0.87998 3 1
0.88456 2 1
0.88933 1 1
0.89382 6 3
0.89907 2 1
0.90392 1 1
0.9092 1 3
0.91396 1 2
0.9194 2 12
0.92447 1 3
0.92931 1 1
0.93429 1 2
0.93914 1 2
0.9444 2 1
0.94934 2 17
0.95434 1 1
0.9596 1 12
0.96501 1 1
0.96972 1 1
0.97466 2 1
0.97988 7 1
0.98444 1 3
0.98956 1 10
0.99435 1 1
0.99894 1 8
1.00379 1 4
1.00872 1 5
1.01401 1 2
1.01935 1 1
1.02433 1 1
1.02918 1 2
1.03437 1 1
1.03922 4 1
1.0441 1 1
1.04941 1 1
1.05489 1 3
1.06007 13 1
1.06526 1 1
1.07025 1 3
1.07519 1 1
1.0798 2 1
1.08481 5 5
1.08985 2 7
1.09488 3 1
1.10006 1 1
1.10489 1 1
1.1101 6 2
1.11508 3 3
1.11999 2 16
1.12514 3 27
1.12994 1 1
1.13461 1 1
1.13985 51 1
1.14507 1 1
1.1501 1 2
1.15491 2 1
1.15975 1 2
1.16469 1 9
1.16936 1 1
1.17435 1 1
1.1794 1 3
1.18442 1 1
1.18946 1 25
1.19476 1 2
1.19979 1 1
1.20485 1 1
1.20992 2 2
1.2146 1 3
1.22008 2 1
1.22497 4 1
1.2297 1 1
1.23427 2 3
1.23919 2 1
1.24419 1 1
1.24943 1 2
1.2543 1 1
1.25947 2 1
1.26452 1 6
1.26921 1 11
1.27468 7 3
1.27932 2 1
1.28427 1 2
1.28916 1 2
1.29408 5 1
1.29891 1 2
1.30378 1 30
1.30913 4 1
1.31406 2 2
1.31893 1 1
1.32382 2 1
1.32923 1 1
1.33402 9 1
1.33927 2 1
1.34403 2 4
1.34939 18 1
1.35453 1 1
1.35973 2 1
1.36451 2 1
1.36932 1 1
1.37408 2 1
1.37898 1 5
1.38446 1 5
1.38967 2 3
1.39499 1 2
1.40019 5 1
1.40505 1 1
1.40981 2 1
1.41458 1 4
1.41969 1 79
1.42467 2 2
1.42967 2 29
1.43408 2 1
1.43907 1 1
1.44399 1 3
1.44911 1 1
1.45424 1 1
1.45903 1 27
1.46415 1 1
1.46922 2 40
1.4742 1 1
1.47938 1 1
1.48468 1 1
1.48986 1 1
1.49478 1 6
1.49951 3 11
1.50427 6 1
1.50911 1 1
1.51403 12 2
1.51858 1 2
1.52365 1 1
1.52857 1 1
1.53328 1 1
1.53837 1 1
1.54354 1 1
1.54856 2 1
1.55354 1 1
1.55867 1 2
1.56341 1 1
1.56836 1 1
1.57319 1 27
1.57831 4 2
1.58322 6 2
1.5877 1 1
1.59251 1 5
1.59733 2 1
1.60286 2 1
1.60771 1 1
1.61295 3 1
1.61752 1 1
1.62242 4 1
1.62757 1 1
1.6327 1 1
1.63759 2 1
1.64225 1 1
1.64701 1 1
1.65209 1 1
1.65711 1 1
1.66185 2 10
1.66699 1 3
1.67198 5 1
1.67699 1 2
1.68192 2 1
1.68651 3 1
1.69152 1 1
1.69672 2 4
1.7016 1 4
1.70637 3 1
1.71129 2 1
1.7164 1 14
1.72134 7 1
1.72613 2 1
1.73134 1 1
1.73704 5 1
1.74224 1 1
1.74698 11 1
1.75204 1 43
1.75674 1 6
1.7619 2 6
1.76703 1 23
1.77224 2 6
1.77673 1 1
1.78186 1 2
1.787 1 1
1.79241 1 4
1.79751 1 3
1.80249 11 13
1.80757 1 3
1.81258 1 1
1.81735 3 1
1.82272 3 1
1.82753 1 1
1.83242 1 3
1.83755 1 1
1.84232 1 2
1.84731 3 1
1.85216 1 2
1.857 10 10
1.86205 1 10
1.86712 1 15
1.87171 1 1
1.87637 15 1
1.88155 1 2
1.8868 2 87
1.89209 1 1
1.89733 2 1
1.9026 1 1
1.90725 2 1
1.91232 2 2
1.91756 2 1
1.92254 1 4
1.92771 4 1
1.93289 2 2
1.93806 3 1
1.94302 36 1
1.94804 1 1
1.95296 1 4
1.95806 1 1
1.96293 2 1
1.96802 1 2
1.97312 1 1
1.97796 1 1
1.9829 1 1
1.98758 1 15
1.99281 2 1
1.99761 1 1
2.00204 1 204
2.00693 1 8
2.01169 1 1
2.01663 1 1
2.02168 4 1
2.02675 3 2
2.03143 1 1
2.03701 1 1
2.0418 1 1
2.04684 1 2
2.05209 1 1
2.05691 13 72
2.06188 1 1
2.06734 3 1
2.07267 1 3
2.07767 5 2
2.08232 1 4
2.08742 6 4
2.09202 1 2
2.09731 17 1
2.10209 1 2
2.10695 1 5
2.11227 1 1
2.11746 1 5
2.12216 1 1
2.12707 13 20
2.13217 10 1
2.13716 2 1
2.14252 1 1
2.14746 1 1
2.15232 1 8
2.15727 1 1
2.16261 46 1
2.16753 4 1
2.17277 1 2
2.17741 1 9
2.18226 7 1
2.18739 1 1
2.19223 1 2
2.19751 2 1
2.20275 1 3
2.20752 1 1
2.21284 1 2
2.21762 1 1
2.22237 1 1
2.22726 1 1
2.23208 16 5
2.23704 1 1
2.24192 1 7
2.24648 1 1
2.25164 1 3
2.25681 2 1
2.26186 1 1
2.26662 7 1
2.2716 4 7
2.27677 1 1
2.28148 1 2
2.28644 1 1
2.29146 3 22
2.29678 1 1
2.30167 1 1
2.30639 1 2
2.31156 2 1
2.31682 1 25
2.32187 1 28
2.3265 2 3
2.33135 1 1
2.33621 1 2
2.34138 1 1
2.34649 1 2
2.35142 1 2
2.35635 5 11
2.3618 3 1
2.36654 1 1
2.3716 2 1
2.37669 1 1
2.38132 14 1
2.38617 1 5
2.39159 8 1
2.39672 2 1
2.40216 6 1
2.40712 3 1
2.41194 1 1
2.41715 1 2
2.42153 1 1
2.42622 1 1
2.43128 1 1
2.43649 2 1
2.44165 1 3
2.44693 1 1
2.45188 2 1
2.45667 2 3
2.46171 1 8
2.46643 1 1
2.47157 3 2
2.47634 1 1
2.48143 5 15
2.48627 38 1
2.49116 2 2
2.49579 2 4
2.50084 1 1
2.50588 53 1
2.51098 1 3
2.51618 1 2
2.52115 1 1
2.52637 1 3
2.53138 2 1
2.53625 1 1
2.54138 1 1
2.5464 1 8
2.55158 1 1
2.55686 52 1
2.56214 1 51
2.56712 1 1
2.57184 1 1
2.57679 1 1
2.58178 11 1
2.58671 2 1
2.59171 6 1
2.59643 12 42
2.60146 1 1
2.60697 1 5
2.61208 1 2
2.61753 3 1
2.62259 2 2
2.62754 7 3
2.63307 1 1
2.63853 1 1
2.64359 1 1
2.64857 1 1
2.65346 2 8
2.65847 9 1
2.66311 3 2
2.66817 1 3
2.67298 7 1
2.67798 1 1
2.6826 1 1
2.6878 1 1
2.69293 1 8
2.69801 2 1
2.70318 3 1
2.70836 1 1
2.71336 1 1
2.7183 4 1
2.72327 1 1
2.7282 3 1
2.73324 3 1
2.73821 1 1
2.74301 1 2
2.74771 1 6
2.75287 1 2
2.7578 2 1
2.76291 1 1
2.76796 1 5
2.77281 11 4
2.7778 2 1
2.78304 1 1
2.78819 1 1
2.79311 4 1
2.79814 1 1
2.80313 1 46
2.80805 11 1
2.81318 1 1
2.81831 3 1
2.82326 1 1
2.82825 1 2
2.83359 6 2
2.83911 2 1
2.84444 1 1
2.84944 2 1
2.85459 2 1
2.85984 11 2
2.86496 1 1
2.86979 1 3
2.87491 1 2
2.88015 2 19
2.88529 6 4
2.89037 1 1
2.89476 2 16
2.89951 1 1
2.90411 1 7
2.90938 1 4
2.9143 6 14
2.91925 3 1
2.92415 1 1
2.92889 1 1
2.93391 2 1
2.93869 6 3
2.94348 1 3
2.9486 7 1
2.9534 1 2
2.9583 2 1
2.96313 1 2
2.96787 2 1
2.97276 2 1
2.97786 1 1
2.98316 1 1
2.98817 1 1
2.99305 5 1
2.99801 2 1
3.00309 1 1
3.0078 1 1
3.01282 1 1
3.01773 1 1
3.02338 12 1
3.02837 8 1
3.03375 1 1
3.03888 1 1
3.04392 1 1
3.04852 1 1
3.05358 1 13
3.05872 3 1
3.06363 2 2
3.06848 1 2
3.07397 1 1
3.07908 3 7
3.0846 1 1
3.0891 1 2
3.09435 1 1
3.09981 1 1
3.10476 1 1
3.10962 1 10
3.11453 1 1
3.11963 2 1
3.12446 4 1
3.12958 1 23
3.13451 5 1
3.1394 1 1
3.1443 1 1
3.14958 1 10
3.15455 2 3
3.1598 1 3
3.1651 2 10
3.1699 3 4
3.17505 1 1
3.17996 1 2
3.18541 1 1
3.1904 2 3
3.1953 1 1
3.20028 1 1
3.20512 4 3
3.21052 15 1
3.21557 2 1
3.22054 2 4
3.22555 1 35
3.23057 2 1
3.23576 2 1
3.24097 1 1
3.24572 1 1
3.25083 1 5
3.25594 5 1
3.26132 8 1
3.26654 1 1
3.27153 1 2
3.27644 1 2
3.28134 1 6
3.2862 4 1
3.29149 1 1
3.29679 7 1
3.30174 1 7
3.30683 2 1
3.31208 1 1
3.31726 4 1
3.32256 1 1
3.32802 1 1
3.33311 4 1
3.33796 1 1
3.34308 1 13
3.3482 1 1
3.3532 1 7
3.35818 1 1
3.36318 1 1
3.3683 3 1
3.37308 1 1
3.37817 5 1
3.38276 1 14
3.38802 1 1
3.39304 1 2
3.39786 1 1
3.403 1 1
3.40817 1 1
3.41299 1 1
3.41819 1 150
3.42336 2 161
3.42837 1 2
3.43371 3 1
3.43864 41 13
3.4434 1 1
3.44821 1 2
3.45342 3 1
3.45849 1 8
3.46343 2 1
3.46814 1 1
3.47298 8 1
3.47775 1 1
3.4827 5 1
3.48769 1 1
3.49244 6 1
3.49768 1 2
3.50276 11 1
3.50766 1 2
3.51247 2 2
3.51742 1 1
3.52224 2 4
3.52721 1 5
3.53251 1 1
3.53789 1 1
3.54278 57 2
3.54775 1 2
3.55264 1 1
3.55774 1 8
3.56266 1 1
3.56791 1 1
3.57285 1 22
3.57763 4 7
3.58283 1 1
3.58822 1 1
3.59328 2 2
3.5981 1 1
3.60305 1 1
3.60864 2 1
3.61394 4 8
3.61902 15 7
3.62406 1 1
3.62918 1 1
3.63436 1 1
3.63901 1 1
3.64379 2 5
3.64905 1 1
3.65431 1 2
3.65879 1 13
3.66332 7 4
3.66827 1 1
3.67347 2 1
3.67854 3 5
3.68326 1 4
3.6881 1 1
3.69301 2 1
3.69783 3 1
3.70298 1 1
3.70779 1 1
3.71282 1 4
3.71804 10 1
3.7233 1 2
3.72824 1 1
3.73348 1 1
3.7382 51 1
3.74338 4 2
3.7484 1 1
3.75348 1 1
3.75863 5 5
3.76355 1 12
3.76845 1 1
3.77321 2 1
3.77799 2 1
3.78304 1 1
3.78759 2 2
3.79265 2 1
3.79756 1 1
3.80238 1 1
3.80733 1 1
3.81264 1 3
3.81754 1 3
3.82244 2 4
3.82727 1 1
3.83218 2 2
3.8375 1 5
3.84263 1 1
3.84744 1 3
3.85265 1 1
3.85749 1 1
3.86258 4 1
3.86793 1 4
3.87276 1 1
3.87832 3 7
3.88321 19 1
3.88859 1 1
3.89348 1 4
3.89823 1 1
3.90326 3 3
3.90825 1 1
3.91324 8 2
3.91806 1 1
3.92306 1 1
3.92833 1 1
3.93315 1 2
3.93833 1 1
3.94316 1 1
3.94822 1 1
3.95299 1 1
3.95776 1 2
3.96248 4 7
3.96768 4 1
3.97249 1 2
3.97779 1 1
3.98263 1 8
3.98778 1 1
3.99262 5 1
3.99744 1 2
4.00309 1 1
4.00819 2 3
4.01346 1 2
4.01873 1 2
4.02422 1 1
4.02924 1 1
4.03393 1 7
4.03883 1 1
4.044 1 7
4.04869 1 57
4.05356 1 1
4.05845 1 1
4.0634 1 5
4.06856 2 1
4.07311 1 1
4.07748 1 2
4.08253 1 1
4.08712 87 1
4.09231 1 1
4.09739 1 2
4.10272 1 1
4.1077 2 4
4.11287 1 1
4.11793 11 1
4.1229 5 1
4.12777 2 1
4.1329 2 9
4.13778 1 8
4.14303 6 5
4.14773 1 2
4.15291 2 1
4.15782 1 1
4.16291 1 2
4.16743 3 7
4.17275 1 2
4.17744 1 6
4.18255 7 1
4.18772 1 22
4.19266 2 1
4.1978 1 1
4.20281 2 2
4.20749 4 2
4.21242 2 1
4.21765 1 1
4.22279 2 1
4.22778 1 1
4.2329 23 1
4.23752 4 1
4.24285 1 1
4.24796 1 2
4.25269 1 1
4.25788 1 1
4.26286 1 1
4.26738 1 3
4.2724 1 15
4.27764 1 6
4.28303 1 3
4.28797 2 1
4.29306 1 1
4.29783 4 2
4.30294 1 4
4.30765 1 1
4.31245 3 1
4.31743 1 1
4.32239 2 2
4.32707 1 1
4.33231 1 2
4.33749 4 1
4.34267 1 1
4.34744 80 1
4.35271 1 1
4.3576 1 4
4.36223 3 1
4.36765 1 1
4.37282 1 1
4.37788 2 1
4.38269 3 1
4.38793 2 17
4.39275 2 1
4.39782 1 1
4.40295 1 1
4.40835 1 1
4.41352 1 1
4.41858 32 2
4.42346 1 2
4.42836 37 1
4.43318 2 1
4.43802 1 5
4.443 1 1
4.44778 1 1
4.453 1 2
4.45776 1 1
4.46269 1 1
4.46804 1 3
4.47265 1 1
4.47759 2 1
4.48257 6 7
4.48755 1 3
4.49236 3 42
4.49759 1 1
4.50225 1 4
4.50729 1 1
4.51204 1 1
4.51694 2 1
4.52216 1 5
4.52729 1 1
4.53254 1 1
4.53755 1 1
4.54269 1 1
4.54785 1 1
4.55293 1 3
4.55769 1 1
4.56258 3 1
4.56754 1 3
4.57239 1 1
4.57745 2 1
4.58258 1 1
4.58751 1 1
4.59258 6 1
4.59761 2 2
4.60247 1 2
4.60675 1 1
4.61199 2 1
4.61655 1 3
4.62161 1 3
4.62659 3 1
4.63092 4 5
4.63607 1 1
4.64085 3 2
4.64597 7 5
4.65069 2 4
4.65573 1 2
4.66084 12 3
4.66617 1 2
4.67085 2 2
4.67574 1 6
4.68062 5 1
4.68558 2 1
4.69095 1 3
4.69596 1 2
4.70098 1 1
4.70606 1 1
4.71103 1 1
4.71586 2 1
4.72106 1 2
4.72631 1 1
4.73137 2 7
4.73638 1 1
4.74174 2 45
4.74679 2 2
4.75205 2 1
4.757 1 1
4.76173 2 1
4.76637 1 2
4.77113 1 1
4.77614 1 1
4.78129 2 1
4.78666 1 1
4.79184 1 1
4.79691 1 5
4.80162 1 2
4.80691 32 5
4.81243 1 1
4.81745 3 1
4.82269 1 1
4.82763 3 1
4.83276 6 1
4.83775 1 1
4.84293 6 2
4.8479 3 1
4.85294 4 1
4.85795 2 1
4.86267 1 3
4.8673 10 3
4.87224 1 2
4.87736 1 1
4.88263 1 1
4.88738 1 4
4.89231 3 4
4.89709 1 1
4.90209 93 1
4.9071 4 1
4.91217 1 1
4.91723 4 1
4.92205 1 6
4.92684 4 1
4.93182 10 1
4.93702 3 1
4.94188 1 2
4.94651 1 1
4.95172 1 1
4.95651 3 1
4.96141 1 1
4.96642 1 1
4.97171 2 1
4.97674 1 1
4.98171 5 1
4.98677 1 2
4.99162 1 1
4.99633 1 1
