0 5.1048729674
1 5.13506159313
2 5.07385262213
3 5.45072587938
4 5.40513838393
5 5.83604963342
6 5.01323026798
7 5.32143930679
8 5.17274702454
9 5.35573053687
10 5.08312491399
11 5.65017782138
12 5.22964707358
13 5.03110337907
14 5.11970679884
15 5.80927538866
16 5.07946857025
17 5.67779155774
18 5.09574870619
19 5.7925165093
20 5.02457921922
21 5.34561687611
22 5.03684135155
23 5.0210553164
24 5.13074323843
25 5.45491896239
26 5.60591881392
27 5.06280281736
28 5.49874469994
29 5.16130748083
30 5.3397152825
31 5.08617171151
32 5.05350313572
33 5.08726199665
34 5.144292465
35 5.3896826418
36 5.978338519
37 6.21790164776
38 5.07621943075
39 5.49491581056
40 5.30097255212
41 9.60002416767
42 5.03832038176
43 5.00034236568
44 5.3959114877
45 5.35997057668
46 5.31593185536
47 5.01018588041
48 5.04421546513
49 5.58515720148
50 5.19521382716
51 6.06439189489
52 5.08340853612
53 5.09533714604
54 5.01416358408
55 5.2636019798
56 5.12596334668
57 5.13209695722
58 5.5823887821
59 5.60586896195
60 5.05464160623
61 5.40435651209
62 5.09505897099
63 5.09492563167
64 5.47337982201
65 5.09744909209
66 5.36996393869
67 5.74041969743
68 5.02400326446
69 5.12241001068
70 5.0749654735
71 5.11586676321
72 5.11945586507
73 5.62503253425
74 5.07220496945
75 5.20107981512
76 5.46938589067
77 5.24192580766
78 7.53363576751
79 5.06364844559
80 5.59602015939
81 5.28759456927
82 5.7702110467
83 5.08855313714
84 5.6728430027
85 5.34703736959
86 5.31369634547
87 5.26384974814
88 5.289146266
89 5.04817920354
90 6.28297450134
91 5.42859376816
92 5.15436567742
93 5.08053444708
94 5.32229439395
95 5.05083894456
96 5.1947828965
97 5.31654477557
98 5.0796018668
99 5.03690896885
100 5.26640838586
101 5.62473054958
102 6.11809051319
103 5.05269525888
104 6.0145022473
105 11.9721352543
106 5.01679388714
107 5.06468944189
108 5.22821884019
109 8.92257914725
110 5.08801812143
111 5.03654976224
112 5.42051083858
113 5.5243107326
114 5.09344650059
115 6.09237509352
116 5.41065380499
117 5.28418991944
118 5.13511894451
119 6.39919096823
120 5.0947554472
121 5.22121110411
122 5.25163936926
123 5.18197883326
124 5.04965244948
125 6.23457944911
126 5.01898634682
127 5.35750815772
128 5.31235718104
129 5.00195445613
130 6.00579166683
131 5.46994108696
132 6.28863408116
133 5.02349309408
134 5.0281988641
135 5.28184122633
136 5.08310969164
137 5.08302318566
138 5.72815969095
139 5.32086167257
140 5.44812288615
141 5.06921247257
142 5.02997465803
143 5.09724092997
144 5.30625341077
145 5.17723778283
146 5.18983912055
147 5.13085456365
148 5.15113562033
149 5.56221700251
150 5.51555457637
151 5.42668806837
152 5.00191435997
153 6.38283705582
154 5.23100959185
155 5.96905376076
156 5.689907678
157 5.21271551824
158 5.25483722894
159 5.37809338764
160 5.24978446321
161 7.09528068126
162 5.30809969698
163 5.2108494478
164 5.2251232716
165 5.15828220873
166 5.26767395066
167 6.33084448358
168 5.06745197479
169 5.42594061354
170 6.5318073557
171 5.04222473623
172 5.46535193477
173 5.21181818014
174 5.11788837127
175 5.27064048879
176 5.57083946882
177 5.34454245165
178 5.16453476557
179 5.2318166476
180 5.23481397182
181 5.05137341997
182 5.12836861008
183 5.06681763122
184 5.1777867181
185 5.28411279039
186 5.10156298449
187 6.27044454592
188 5.50339920977
189 5.16961148417
190 7.27423780392
191 5.12364893942
192 6.24476224226
193 7.6482470045
194 5.06545200593
195 5.12343954971
196 5.61165016083
197 5.49246042588
198 5.09643226943
199 5.2887948884
200 5.17231596709
201 5.17375260159
202 5.09328126923
203 6.20905181946
204 5.42345512047
205 5.85221169428
206 5.58201219543
207 5.16910406127
208 5.34732126242
209 5.01676531302
210 5.16675151524
211 5.04457070904
212 5.47534574258
213 5.03566683587
214 5.00196583046
215 5.48925178805
216 5.50753684997
217 5.37880479873
218 6.24218886473
219 6.19131325631
220 5.79975492058
221 5.46082059711
222 5.36107652753
223 5.34069257524
224 5.11193460499
225 5.06934543535
226 5.70516514244
227 5.15595077009
228 5.02555819814
229 5.66846795895
230 5.47960141338
231 5.07854980868
232 5.30106656547
233 5.42005273019
234 6.72710367059
235 5.44745756522
236 5.10757458105
237 5.04501411877
238 5.82578413269
239 5.11467483104
240 6.00777924479
241 5.58929784417
242 5.03922518664
243 5.09666363558
244 6.43473912358
245 6.97410378501
246 6.6576702554
247 5.17794603196
248 5.00748992481
249 5.18512190871
250 5.30577549316
251 5.2001897811
252 5.18923183523
253 5.11146271556
254 5.3380600077
255 5.45219407143
256 5.1656672671
257 5.04725093104
258 5.68636629771
259 5.07656756654
260 7.22144949475
261 5.25094340626
262 5.16692367463
263 6.30695012979
264 5.12213514377
265 5.04871802541
266 5.13800148608
267 5.10297076653
268 5.44703242318
269 5.50178669728
270 5.18088760101
271 6.51554802763
272 5.36723418297
273 6.76284992472
274 6.82258909453
275 5.90911814937
276 7.73581081965
277 5.09027053802
278 5.12757843385
279 5.85906647141
280 5.11896237731
281 5.52538196878
282 5.34071148761
283 5.10333442044
284 6.67354587703
285 5.03784154086
286 5.36033940324
287 5.04987444628
288 7.01009810062
289 5.06524567276
290 5.19679296274
291 5.02792147148
292 5.41626506674
293 5.1062620595
294 6.18991737479
295 6.18091503192
296 5.17803711216
297 5.04509624753
298 5.32382611099
299 7.09597293919
300 5.42226964213
301 7.5455452595
302 6.6053967938
303 5.2471581517
304 5.02594061484
305 7.29525424733
306 5.24474028811
307 5.34582162563
308 5.43911411533
309 5.52829366551
310 10.5305281323
311 5.07005013163
312 5.05268684168
313 9.80660292851
314 5.14890265364
315 5.00361827375
316 5.36168254256
317 5.21974962757
318 8.46653794512
319 5.13598756974
320 5.02744965412
321 5.33273444357
322 5.23279651299
323 5.06883312243
324 5.21878320989
325 5.02250976362
326 5.89936971101
327 5.14031005406
328 5.13011937754
329 5.02460084366
330 5.08923921941
331 5.27624142822
332 5.48131457694
333 5.0731702032
334 6.62716124328
335 6.01526037749
336 5.99861448775
337 5.03899151351
338 5.20619012848
339 5.9382689092
340 5.03334031837
341 5.14546167498
342 5.39567798642
343 5.07216859529
344 5.61078461135
345 5.58866747853
346 5.22210115487
347 5.12264205943
348 5.27278301178
349 5.56356125847
350 5.92138093469
351 6.71176530506
352 5.39513950797
353 5.08504126508
354 5.11084637203
355 5.12719152785
356 5.40327991392
357 5.09689587602
358 5.1966777883
359 5.21456788117
360 5.43026398597
361 5.51086353336
362 5.02365421865
363 5.22268879387
364 5.94338965961
365 5.5137305664
366 5.03992950829
367 6.53732291592
368 5.38408587617
369 5.27327384939
370 5.27737733382
371 5.50811701085
372 5.04730782286
373 5.90097234897
374 5.36268404342
375 5.22727126233
376 5.02757658674
377 6.01943008951
378 5.07089942398
379 5.11850500885
380 5.30175360605
381 5.37582370508
382 5.35523634952
383 5.19178063414
384 6.42127533158
385 5.23682812874
386 5.20483079347
387 5.13971512424
388 5.12640440277
389 6.04684113166
390 5.03767772561
391 5.31230937691
392 5.03353145088
393 6.25905965235
394 6.27375694237
395 5.21836601567
396 5.4257242682
397 5.01404038177
398 5.4670981203
399 5.00570644936
400 5.31260690573
401 5.10190370699
402 6.11984675967
403 5.08740810485
404 5.11431849021
405 5.39199205697
406 8.06994401394
407 5.16541622409
408 5.08250276928
409 5.16306312735
410 5.50263982379
411 5.5517242973
412 7.43996419685
413 5.26768778938
414 6.38067442463
415 5.07941612465
416 7.23136395136
417 5.20311429484
418 5.01145710167
419 5.20969602298
420 5.17325034696
421 5.01238264802
422 5.02034255826
423 5.27567225038
424 5.92193333318
425 10.4184897952
426 5.05688910259
427 5.56967445177
428 6.08072275117
429 5.09949070911
430 5.85395224762
431 5.06670811014
432 5.24698971305
433 5.76471557943
434 5.03250991934
435 5.45467071783
436 5.19632618708
437 5.29118644275
438 5.06073980846
439 5.39494730469
440 7.00081720256
441 5.22008853887
442 5.05415567168
443 6.18853668887
444 5.32866704116
445 5.2712100915
446 5.05705647344
447 5.47977587585
448 5.1445656029
449 5.08461858379
450 7.30164366093
451 5.02951005597
452 5.25980557693
453 5.0215377614
454 5.03423359432
455 8.58338536524
456 6.58687802562
457 5.11301779913
458 5.4491273684
459 6.08077881325
460 5.01930349047
461 5.94502543528
462 5.20105242098
463 5.25615633015
464 5.46589987238
465 5.4495438263
466 5.13042359336
467 5.22486110453
468 7.0206591576
469 5.54727431087
470 5.56130719154
471 5.06190513068
472 5.18130553065
473 5.25666870671
474 5.93165911267
475 5.35278782436
476 5.15701772896
477 5.64354849814
478 5.50625781856
479 5.11519558024
480 5.13788207163
481 5.51388788148
482 6.27531421352
483 6.00851973485
484 5.75790334816
485 5.75813482763
486 5.20991775348
487 5.19308611628
488 6.70620123693
489 5.92793221665
490 5.83517985782
491 5.30681604732
492 5.76419745545
493 5.69222074906
494 6.85361488056
495 7.23908457317
496 6.22695659024
497 5.20055535327
498 5.1647492453
499 5.07319842355
500 5.13286010046
501 6.91765483657
502 5.10944605589
503 5.22241524606
504 6.03736798856
505 5.40487562192
506 5.30761458982
507 5.2235898294
508 5.65732089565
509 5.00180386105
510 5.05196888706
511 5.12057765421
512 5.77220584943
513 5.21545977599
514 5.11967703529
515 5.37447354193
516 5.19722606345
517 5.86481218708
518 5.92522893171
519 5.15574008621
520 5.10177703258
521 5.84969536926
522 6.3168592061
523 5.01212136216
524 5.44129465961
525 7.08028536421
526 5.41870525775
527 5.01815928141
528 6.02500755375
529 5.09327549778
530 5.52264648708
531 5.02060003762
532 5.86652731013
533 5.03278550455
534 5.6862344512
535 5.59149528674
536 5.31488405942
537 5.12040533884
538 5.32439967604
539 5.56281022509
540 5.08990388561
541 5.24024368276
542 5.0757563774
543 5.06708177198
544 5.13693281588
545 5.09731036145
546 6.12825643676
547 5.26402191598
548 5.08216259958
549 5.0394441209
550 6.32640648638
551 5.53448472503
552 5.35511318749
553 5.49531749241
554 5.48917837166
555 5.10027212841
556 6.24581328812
557 5.22096429698
558 5.41104164793
559 5.96083755997
560 5.64580035947
561 5.95811876336
562 5.01790266098
563 5.72679504266
564 5.12489602573
565 5.55018893858
566 5.07634400647
567 6.97890607459
568 5.69580289777
569 5.00464080724
570 5.12043294252
571 5.11749190279
572 5.54880870425
573 5.36681076029
574 5.52280096762
575 5.23030540493
576 5.02148868263
577 5.60827599416
578 6.21398190576
579 5.43720557938
580 7.33684896266
581 7.12247411728
582 6.42710866557
583 11.457022543
584 5.08684268941
585 5.32931146009
586 5.10588376569
587 5.16634575628
588 5.11194708462
589 5.90704001233
590 5.19482497516
591 5.17872235741
592 5.04633181755
593 6.32207671776
594 5.11855126872
595 5.0799840824
596 5.35041790163
597 5.6323378319
598 5.24707363603
599 5.01773297108
600 5.26256996091
601 5.94743128775
602 5.04565754851
603 7.42951799229
604 5.08966277589
605 5.49924020858
606 5.06924393974
607 6.4922991587
608 5.17519572126
609 5.4723465219
610 5.17297315668
611 5.47409501819
612 5.21927039479
613 5.46156200376
614 5.43321275226
615 5.37190570007
616 5.54730353685
617 5.53338967928
618 5.02947828875
619 5.63806362089
620 5.01200992701
621 5.01027858061
622 5.17261790394
623 5.73032100953
624 6.1015920652
625 6.53447802913
626 6.43773250712
627 5.0391095396
628 6.72882902322
629 5.4487723275
630 5.0130852432
631 5.00579802637
632 5.064511368
633 5.09662856798
634 5.08456893844
635 5.35867716612
636 5.12201603085
637 5.07365250494
638 5.43969696092
639 5.69991350903
640 5.21553909083
641 5.08887289919
642 5.04607066792
643 5.0616414175
644 5.58007217009
645 5.38936486821
646 5.11175125131
647 5.02333821137
648 5.07675177072
649 5.44425449695
650 6.19212458484
651 5.15115705903
652 5.77476594369
653 5.13418489926
654 5.06417481833
655 5.68746217507
656 5.15263212741
657 5.15897273021
658 6.03396170006
659 6.11388054028
660 5.25596536604
661 5.20590370239
662 5.14056828131
663 5.05330375088
664 5.0828000911
665 6.34622771579
666 5.78476166538
667 5.03057732696
668 5.58595535168
669 5.0719920668
670 5.21913067896
671 5.04301713026
672 5.11996359937
673 6.98491342815
674 5.0204548737
675 5.32466341812
676 5.37237330288
677 5.7765947813
678 6.10736421823
679 5.39864256894
680 5.22624702644
681 5.03681243662
682 5.40477809971
683 5.43007781878
684 5.35725395705
685 5.05262531133
686 5.12319264869
687 5.20036459727
688 5.21802300848
689 5.02539513606
690 5.39921610531
691 5.45196659303
692 5.19261134417
693 5.32281451806
694 5.33025574553
695 5.50464811165
696 5.04520675439
697 5.89097106831
698 5.34155045414
699 6.54282268657
700 5.65773450957
701 5.06890106532
702 5.23426235041
703 5.0806630142
704 5.24600646061
705 5.03237356889
706 5.04001052844
707 5.28539715453
708 5.55308970665
709 5.79179007117
710 5.25139767209
711 5.07267783573
712 6.28552631271
713 5.50037350355
714 5.30364217065
715 5.57929852255
716 5.10571851108
717 5.60509962947
718 5.61859315085
719 5.10493551303
720 5.13155054346
721 8.44215380343
722 5.57882700481
723 5.40737032661
724 6.11501900043
725 5.01945774382
726 5.31542843648
727 5.22951548114
728 5.61083581015
729 5.1025744627
730 5.63019447262
731 5.2269111776
732 5.78820107136
733 5.2332819102
734 5.61245558134
735 5.18005945503
736 5.57822481034
737 6.46106565578
738 5.69879778152
739 5.03749350315
740 5.13415075754
741 5.26815276333
742 5.28261574352
743 5.08320609053
744 5.33929441818
745 5.98834938683
746 5.0410367377
747 5.16591550661
748 6.25959294145
749 5.09780129885
750 5.29709436051
751 5.40986259193
752 5.06199635215
753 5.25811499467
754 5.50359345619
755 5.11877468528
756 5.14791639644
757 5.08318208958
758 5.091219209
759 5.26123347451
760 5.21938359369
761 5.3487214454
762 5.72077607902
763 5.17090608643
764 5.15139146326
765 5.787517046
766 6.38790158086
767 5.37564589809
768 5.1055559522
769 5.02894506873
770 5.00542548046
771 5.03815675911
772 7.41270791604
773 5.28471339231
774 5.04793717973
775 5.18221029836
776 7.35947592242
777 5.09486458887
778 5.28576004193
779 5.15475280731
780 6.43002050064
781 5.24706301552
782 5.31345240744
783 5.05546710898
784 5.55622411937
785 5.23299972743
786 5.04576343799
787 5.10286945827
788 5.06199037501
789 5.45564552531
790 5.97119831268
791 5.62580286816
792 5.15236351296
793 5.37181270922
794 5.58379315777
795 5.18144198944
796 5.49064610373
797 5.09090774167
798 5.19279836446
799 5.19379933018
800 6.15448119907
801 5.09862408846
802 5.35981231226
803 5.25279758582
804 5.07955884052
805 5.27020045172
806 5.26250437374
807 5.15547033027
808 5.19882975968
809 5.08361410118
810 5.31988144072
811 5.11800108045
812 5.33844586488
813 5.70334248373
814 5.09064627987
815 5.05717807198
816 5.02672924675
817 5.87798885042
818 5.37139794193
819 5.00086927851
820 5.19593084598
821 5.07769025899
822 5.0421439404
823 6.80767088437
824 5.08037008187
825 5.11243825221
826 5.46973562146
827 6.47126040337
828 5.62923205237
829 8.59704979642
830 5.5646878351
831 5.29465199122
832 6.90509561347
833 5.10522739942
834 5.31665466261
835 5.23243234512
836 5.21477531822
837 5.09461244184
838 8.56993431643
839 5.71839844093
840 5.03238970151
841 6.0588202548
842 5.00504578395
843 5.06933230749
844 5.02237085376
845 5.08996895814
846 9.25360365663
847 5.00540449835
848 5.05969203535
849 5.62176690504
850 5.01013218008
851 6.25720928849
852 5.00379186422
853 6.44758716551
854 5.40707188649
855 5.34066699682
856 5.06224482949
857 5.1745910935
858 5.20219768078
859 5.45353090588
860 5.85191389668
861 5.34059749467
862 5.13926258804
863 5.14945282299
864 5.31375238763
865 6.61909940082
866 5.94316388144
867 5.01612145763
868 7.66318867806
869 7.44023938342
870 5.26457667836
871 5.08775312523
872 5.46753533504
873 6.68883858303
874 5.65885124019
875 5.06764941831
876 5.54358276545
877 6.86445186987
878 5.04045045908
879 5.4907832672
880 5.19046606438
881 5.58497178489
882 6.740725687
883 5.4352999822
884 5.1062222553
885 5.07811147633
886 5.13379504939
887 5.0825959987
888 5.03931024803
889 5.40390728035
890 5.32029543378
891 5.15754819288
892 5.28206927823
893 5.24455066399
894 5.0248194756
895 5.19803344093
896 5.45314919197
897 5.34120731196
898 8.09629090752
899 6.70335229261
900 5.35284131952
901 5.15883506566
902 5.40311996675
903 5.6197068915
904 5.48308514125
905 5.39678711604
906 5.08488735948
907 5.24473652408
908 5.4995068439
909 5.5000376889
910 5.20465345002
911 5.06975153914
912 5.19146557414
913 5.01953072367
914 5.75055309148
915 5.01555128372
916 5.656529552
917 5.02256697775
918 5.1261635292
919 5.11357593229
920 5.03156301699
921 5.10758948054
922 5.33242929157
923 5.17271951896
924 5.08509969822
925 5.07194339949
926 5.53435131289
927 5.3390858553
928 5.3854143099
929 5.10602983259
930 5.02643378499
931 5.06710696143
932 5.06712698347
933 5.35287038377
934 5.32623263715
935 5.36721739265
936 5.45541940307
937 5.93384162746
938 6.0631959752
939 6.05407978224
940 5.00748817178
941 5.98811330114
942 5.13515109042
943 5.49843737072
944 5.35402398582
945 5.32569398669
946 5.10502900782
947 5.32886926187
948 5.85309736627
949 5.14230907743
950 5.75845023949
951 5.22611763965
952 5.37683353764
953 5.19654804983
954 5.33710695643
955 5.6663383635
956 5.43585309552
957 5.9394183727
958 5.15071641863
959 5.06658959053
960 5.16346023102
961 5.60092617921
962 5.8135098072
963 5.21386066816
964 5.01261634099
965 5.29542161094
966 5.13362806655
967 7.41795479285
968 5.97818568805
969 5.25884060622
970 5.37690085691
971 5.21752114973
972 5.78423850842
973 5.15446115803
974 5.50149669136
975 5.04597383818
976 8.26261840864
977 5.0443227458
978 5.00543917111
979 5.31934731771
980 5.01103080009
981 5.32672462095
982 6.34401774548
983 5.2359302333
984 5.45479820698
985 5.52495075278
986 5.12597795515
987 5.11511957775
988 5.32912724348
989 6.39583561351
990 5.40324232604
991 5.13643366412
992 5.65017599057
993 5.47051063635
994 5.06883912133
995 5.11174803216
996 5.54956516361
997 5.11869374774
998 5.52246322294
999 5.4207687196
