0 5.1048729674 0
1 5.13506159313 1
2 5.07385262213 2
3 5.45072587938 3
4 5.40513838393 4
5 5.83604963342 5
6 5.01323026798 6
7 5.32143930679 7
8 5.17274702454 8
9 5.35573053687 9
10 5.08312491399 10
11 5.65017782138 11
12 5.22964707358 12
13 5.03110337907 13
14 5.11970679884 14
15 5.80927538866 15
16 5.07946857025 16
17 5.67779155774 17
18 5.09574870619 18
19 5.7925165093 19
20 5.02457921922 20
21 5.34561687611 21
22 5.03684135155 22
23 5.0210553164 23
24 5.13074323843 24
25 5.45491896239 25
26 5.60591881392 26
27 5.06280281736 27
28 5.49874469994 28
29 5.16130748083 29
30 5.3397152825 30
31 5.08617171151 31
32 5.05350313572 32
33 5.08726199665 33
34 5.144292465 34
35 5.3896826418 35
36 5.978338519 36
37 6.21790164776 37
38 5.07621943075 38
39 5.49491581056 39
40 5.30097255212 40
41 9.60002416767 41
42 5.03832038176 42
43 5.00034236568 43
44 5.3959114877 44
45 5.35997057668 45
46 5.31593185536 46
47 5.01018588041 47
48 5.04421546513 48
49 5.58515720148 49
50 5.19521382716 50
51 6.06439189489 51
52 5.08340853612 52
53 5.09533714604 53
54 5.01416358408 54
55 5.2636019798 55
56 5.12596334668 56
57 5.13209695722 57
58 5.5823887821 58
59 5.60586896195 59
60 5.05464160623 60
61 5.40435651209 61
62 5.09505897099 62
63 5.09492563167 63
64 5.47337982201 64
65 5.09744909209 65
66 5.36996393869 66
67 5.74041969743 67
68 5.02400326446 68
69 5.12241001068 69
70 5.0749654735 70
71 5.11586676321 71
72 5.11945586507 72
73 5.62503253425 73
74 5.07220496945 74
75 5.20107981512 75
76 5.46938589067 76
77 5.24192580766 77
78 7.53363576751 78
79 5.06364844559 79
80 5.59602015939 80
81 5.28759456927 81
82 5.7702110467 82
83 5.08855313714 83
84 5.6728430027 84
85 5.34703736959 85
86 5.31369634547 86
87 5.26384974814 87
88 5.289146266 88
89 5.04817920354 89
90 6.28297450134 90
91 5.42859376816 91
92 5.15436567742 92
93 5.08053444708 93
94 5.32229439395 94
95 5.05083894456 95
96 5.1947828965 96
97 5.31654477557 97
98 5.0796018668 98
99 5.03690896885 99
100 5.26640838586 100
101 5.62473054958 101
102 6.11809051319 102
103 5.05269525888 103
104 6.0145022473 104
105 11.9721352543 105
106 5.01679388714 106
107 5.06468944189 107
108 5.22821884019 108
109 8.92257914725 109
110 5.08801812143 110
111 5.03654976224 111
112 5.42051083858 112
113 5.5243107326 113
114 5.09344650059 114
115 6.09237509352 115
116 5.41065380499 116
117 5.28418991944 117
118 5.13511894451 118
119 6.39919096823 119
120 5.0947554472 120
121 5.22121110411 121
122 5.25163936926 122
123 5.18197883326 123
124 5.04965244948 124
125 6.23457944911 125
126 5.01898634682 126
127 5.35750815772 127
128 5.31235718104 128
129 5.00195445613 129
130 6.00579166683 130
131 5.46994108696 131
132 6.28863408116 132
133 5.02349309408 133
134 5.0281988641 134
135 5.28184122633 135
136 5.08310969164 136
137 5.08302318566 137
138 5.72815969095 138
139 5.32086167257 139
140 5.44812288615 140
141 5.06921247257 141
142 5.02997465803 142
143 5.09724092997 143
144 5.30625341077 144
145 5.17723778283 145
146 5.18983912055 146
147 5.13085456365 147
148 5.15113562033 148
149 5.56221700251 149
150 5.51555457637 150
151 5.42668806837 151
152 5.00191435997 152
153 6.38283705582 153
154 5.23100959185 154
155 5.96905376076 155
156 5.689907678 156
157 5.21271551824 157
158 5.25483722894 158
159 5.37809338764 159
160 5.24978446321 160
161 7.09528068126 161
162 5.30809969698 162
163 5.2108494478 163
164 5.2251232716 164
165 5.15828220873 165
166 5.26767395066 166
167 6.33084448358 167
168 5.06745197479 168
169 5.42594061354 169
170 6.5318073557 170
171 5.04222473623 171
172 5.46535193477 172
173 5.21181818014 173
174 5.11788837127 174
175 5.27064048879 175
176 5.57083946882 176
177 5.34454245165 177
178 5.16453476557 178
179 5.2318166476 179
180 5.23481397182 180
181 5.05137341997 181
182 5.12836861008 182
183 5.06681763122 183
184 5.1777867181 184
185 5.28411279039 185
186 5.10156298449 186
187 6.27044454592 187
188 5.50339920977 188
189 5.16961148417 189
190 7.27423780392 190
191 5.12364893942 191
192 6.24476224226 192
193 7.6482470045 193
194 5.06545200593 194
195 5.12343954971 195
196 5.61165016083 196
197 5.49246042588 197
198 5.09643226943 198
199 5.2887948884 199
200 5.17231596709 200
201 5.17375260159 201
202 5.09328126923 202
203 6.20905181946 203
204 5.42345512047 204
205 5.85221169428 205
206 5.58201219543 206
207 5.16910406127 207
208 5.34732126242 208
209 5.01676531302 209
210 5.16675151524 210
211 5.04457070904 211
212 5.47534574258 212
213 5.03566683587 213
214 5.00196583046 214
215 5.48925178805 215
216 5.50753684997 216
217 5.37880479873 217
218 6.24218886473 218
219 6.19131325631 219
220 5.79975492058 220
221 5.46082059711 221
222 5.36107652753 222
223 5.34069257524 223
224 5.11193460499 224
225 5.06934543535 225
226 5.70516514244 226
227 5.15595077009 227
228 5.02555819814 228
229 5.66846795895 229
230 5.47960141338 230
231 5.07854980868 231
232 5.30106656547 232
233 5.42005273019 233
234 6.72710367059 234
235 5.44745756522 235
236 5.10757458105 236
237 5.04501411877 237
238 5.82578413269 238
239 5.11467483104 239
240 6.00777924479 240
241 5.58929784417 241
242 5.03922518664 242
243 5.09666363558 243
244 6.43473912358 244
245 6.97410378501 245
246 6.6576702554 246
247 5.17794603196 247
248 5.00748992481 248
249 5.18512190871 249
250 5.30577549316 250
251 5.2001897811 251
252 5.18923183523 252
253 5.11146271556 253
254 5.3380600077 254
255 5.45219407143 255
256 5.1656672671 256
257 5.04725093104 257
258 5.68636629771 258
259 5.07656756654 259
260 7.22144949475 260
261 5.25094340626 261
262 5.16692367463 262
263 6.30695012979 263
264 5.12213514377 264
265 5.04871802541 265
266 5.13800148608 266
267 5.10297076653 267
268 5.44703242318 268
269 5.50178669728 269
270 5.18088760101 270
271 6.51554802763 271
272 5.36723418297 272
273 6.76284992472 273
274 6.82258909453 274
275 5.90911814937 275
276 7.73581081965 276
277 5.09027053802 277
278 5.12757843385 278
279 5.85906647141 279
280 5.11896237731 280
281 5.52538196878 281
282 5.34071148761 282
283 5.10333442044 283
284 6.67354587703 284
285 5.03784154086 285
286 5.36033940324 286
287 5.04987444628 287
288 7.01009810062 288
289 5.06524567276 289
290 5.19679296274 290
291 5.02792147148 291
292 5.41626506674 292
293 5.1062620595 293
294 6.18991737479 294
295 6.18091503192 295
296 5.17803711216 296
297 5.04509624753 297
298 5.32382611099 298
299 7.09597293919 299
300 5.42226964213 300
301 7.5455452595 301
302 6.6053967938 302
303 5.2471581517 303
304 5.02594061484 304
305 7.29525424733 305
306 5.24474028811 306
307 5.34582162563 307
308 5.43911411533 308
309 5.52829366551 309
310 10.5305281323 310
311 5.07005013163 311
312 5.05268684168 312
313 9.80660292851 313
314 5.14890265364 314
315 5.00361827375 315
316 5.36168254256 316
317 5.21974962757 317
318 8.46653794512 318
319 5.13598756974 319
320 5.02744965412 320
321 5.33273444357 321
322 5.23279651299 322
323 5.06883312243 323
324 5.21878320989 324
325 5.02250976362 325
326 5.89936971101 326
327 5.14031005406 327
328 5.13011937754 328
329 5.02460084366 329
330 5.08923921941 330
331 5.27624142822 331
332 5.48131457694 332
333 5.0731702032 333
334 6.62716124328 334
335 6.01526037749 335
336 5.99861448775 336
337 5.03899151351 337
338 5.20619012848 338
339 5.9382689092 339
340 5.03334031837 340
341 5.14546167498 341
342 5.39567798642 342
343 5.07216859529 343
344 5.61078461135 344
345 5.58866747853 345
346 5.22210115487 346
347 5.12264205943 347
348 5.27278301178 348
349 5.56356125847 349
350 5.92138093469 350
351 6.71176530506 351
352 5.39513950797 352
353 5.08504126508 353
354 5.11084637203 354
355 5.12719152785 355
356 5.40327991392 356
357 5.09689587602 357
358 5.1966777883 358
359 5.21456788117 359
360 5.43026398597 360
361 5.51086353336 361
362 5.02365421865 362
363 5.22268879387 363
364 5.94338965961 364
365 5.5137305664 365
366 5.03992950829 366
367 6.53732291592 367
368 5.38408587617 368
369 5.27327384939 369
370 5.27737733382 370
371 5.50811701085 371
372 5.04730782286 372
373 5.90097234897 373
374 5.36268404342 374
375 5.22727126233 375
376 5.02757658674 376
377 6.01943008951 377
378 5.07089942398 378
379 5.11850500885 379
380 5.30175360605 380
381 5.37582370508 381
382 5.35523634952 382
383 5.19178063414 383
384 6.42127533158 384
385 5.23682812874 385
386 5.20483079347 386
387 5.13971512424 387
388 5.12640440277 388
389 6.04684113166 389
390 5.03767772561 390
391 5.31230937691 391
392 5.03353145088 392
393 6.25905965235 393
394 6.27375694237 394
395 5.21836601567 395
396 5.4257242682 396
397 5.01404038177 397
398 5.4670981203 398
399 5.00570644936 399
400 5.31260690573 400
401 5.10190370699 401
402 6.11984675967 402
403 5.08740810485 403
404 5.11431849021 404
405 5.39199205697 405
406 8.06994401394 406
407 5.16541622409 407
408 5.08250276928 408
409 5.16306312735 409
410 5.50263982379 410
411 5.5517242973 411
412 7.43996419685 412
413 5.26768778938 413
414 6.38067442463 414
415 5.07941612465 415
416 7.23136395136 416
417 5.20311429484 417
418 5.01145710167 418
419 5.20969602298 419
420 5.17325034696 420
421 5.01238264802 421
422 5.02034255826 422
423 5.27567225038 423
424 5.92193333318 424
425 10.4184897952 425
426 5.05688910259 426
427 5.56967445177 427
428 6.08072275117 428
429 5.09949070911 429
430 5.85395224762 430
431 5.06670811014 431
432 5.24698971305 432
433 5.76471557943 433
434 5.03250991934 434
435 5.45467071783 435
436 5.19632618708 436
437 5.29118644275 437
438 5.06073980846 438
439 5.39494730469 439
440 7.00081720256 440
441 5.22008853887 441
442 5.05415567168 442
443 6.18853668887 443
444 5.32866704116 444
445 5.2712100915 445
446 5.05705647344 446
447 5.47977587585 447
448 5.1445656029 448
449 5.08461858379 449
450 7.30164366093 450
451 5.02951005597 451
452 5.25980557693 452
453 5.0215377614 453
454 5.03423359432 454
455 8.58338536524 455
456 6.58687802562 456
457 5.11301779913 457
458 5.4491273684 458
459 6.08077881325 459
460 5.01930349047 460
461 5.94502543528 461
462 5.20105242098 462
463 5.25615633015 463
464 5.46589987238 464
465 5.4495438263 465
466 5.13042359336 466
467 5.22486110453 467
468 7.0206591576 468
469 5.54727431087 469
470 5.56130719154 470
471 5.06190513068 471
472 5.18130553065 472
473 5.25666870671 473
474 5.93165911267 474
475 5.35278782436 475
476 5.15701772896 476
477 5.64354849814 477
478 5.50625781856 478
479 5.11519558024 479
480 5.13788207163 480
481 5.51388788148 481
482 6.27531421352 482
483 6.00851973485 483
484 5.75790334816 484
485 5.75813482763 485
486 5.20991775348 486
487 5.19308611628 487
488 6.70620123693 488
489 5.92793221665 489
490 5.83517985782 490
491 5.30681604732 491
492 5.76419745545 492
493 5.69222074906 493
494 6.85361488056 494
495 7.23908457317 495
496 6.22695659024 496
497 5.20055535327 497
498 5.1647492453 498
499 5.07319842355 499
500 5.13286010046 0
501 6.91765483657 1
502 5.10944605589 2
503 5.22241524606 3
504 6.03736798856 4
505 5.40487562192 5
506 5.30761458982 6
507 5.2235898294 7
508 5.65732089565 8
509 5.00180386105 9
510 5.05196888706 10
511 5.12057765421 11
512 5.77220584943 12
513 5.21545977599 13
514 5.11967703529 14
515 5.37447354193 15
516 5.19722606345 16
517 5.86481218708 17
518 5.92522893171 18
519 5.15574008621 19
520 5.10177703258 20
521 5.84969536926 21
522 6.3168592061 22
523 5.01212136216 23
524 5.44129465961 24
525 7.08028536421 25
526 5.41870525775 26
527 5.01815928141 27
528 6.02500755375 28
529 5.09327549778 29
530 5.52264648708 30
531 5.02060003762 31
532 5.86652731013 32
533 5.03278550455 33
534 5.6862344512 34
535 5.59149528674 35
536 5.31488405942 36
537 5.12040533884 37
538 5.32439967604 38
539 5.56281022509 39
540 5.08990388561 40
541 5.24024368276 41
542 5.0757563774 42
543 5.06708177198 43
544 5.13693281588 44
545 5.09731036145 45
546 6.12825643676 46
547 5.26402191598 47
548 5.08216259958 48
549 5.0394441209 49
550 6.32640648638 50
551 5.53448472503 51
552 5.35511318749 52
553 5.49531749241 53
554 5.48917837166 54
555 5.10027212841 55
556 6.24581328812 56
557 5.22096429698 57
558 5.41104164793 58
559 5.96083755997 59
560 5.64580035947 60
561 5.95811876336 61
562 5.01790266098 62
563 5.72679504266 63
564 5.12489602573 64
565 5.55018893858 65
566 5.07634400647 66
567 6.97890607459 67
568 5.69580289777 68
569 5.00464080724 69
570 5.12043294252 70
571 5.11749190279 71
572 5.54880870425 72
573 5.36681076029 73
574 5.52280096762 74
575 5.23030540493 75
576 5.02148868263 76
577 5.60827599416 77
578 6.21398190576 78
579 5.43720557938 79
580 7.33684896266 80
581 7.12247411728 81
582 6.42710866557 82
583 11.457022543 83
584 5.08684268941 84
585 5.32931146009 85
586 5.10588376569 86
587 5.16634575628 87
588 5.11194708462 88
589 5.90704001233 89
590 5.19482497516 90
591 5.17872235741 91
592 5.04633181755 92
593 6.32207671776 93
594 5.11855126872 94
595 5.0799840824 95
596 5.35041790163 96
597 5.6323378319 97
598 5.24707363603 98
599 5.01773297108 99
600 5.26256996091 100
601 5.94743128775 101
602 5.04565754851 102
603 7.42951799229 103
604 5.08966277589 104
605 5.49924020858 105
606 5.06924393974 106
607 6.4922991587 107
608 5.17519572126 108
609 5.4723465219 109
610 5.17297315668 110
611 5.47409501819 111
612 5.21927039479 112
613 5.46156200376 113
614 5.43321275226 114
615 5.37190570007 115
616 5.54730353685 116
617 5.53338967928 117
618 5.02947828875 118
619 5.63806362089 119
620 5.01200992701 120
621 5.01027858061 121
622 5.17261790394 122
623 5.73032100953 123
624 6.1015920652 124
625 6.53447802913 125
626 6.43773250712 126
627 5.0391095396 127
628 6.72882902322 128
629 5.4487723275 129
630 5.0130852432 130
631 5.00579802637 131
632 5.064511368 132
633 5.09662856798 133
634 5.08456893844 134
635 5.35867716612 135
636 5.12201603085 136
637 5.07365250494 137
638 5.43969696092 138
639 5.69991350903 139
640 5.21553909083 140
641 5.08887289919 141
642 5.04607066792 142
643 5.0616414175 143
644 5.58007217009 144
645 5.38936486821 145
646 5.11175125131 146
647 5.02333821137 147
648 5.07675177072 148
649 5.44425449695 149
650 6.19212458484 150
651 5.15115705903 151
652 5.77476594369 152
653 5.13418489926 153
654 5.06417481833 154
655 5.68746217507 155
656 5.15263212741 156
657 5.15897273021 157
658 6.03396170006 158
659 6.11388054028 159
660 5.25596536604 160
661 5.20590370239 161
662 5.14056828131 162
663 5.05330375088 163
664 5.0828000911 164
665 6.34622771579 165
666 5.78476166538 166
667 5.03057732696 167
668 5.58595535168 168
669 5.0719920668 169
670 5.21913067896 170
671 5.04301713026 171
672 5.11996359937 172
673 6.98491342815 173
674 5.0204548737 174
675 5.32466341812 175
676 5.37237330288 176
677 5.7765947813 177
678 6.10736421823 178
679 5.39864256894 179
680 5.22624702644 180
681 5.03681243662 181
682 5.40477809971 182
683 5.43007781878 183
684 5.35725395705 184
685 5.05262531133 185
686 5.12319264869 186
687 5.20036459727 187
688 5.21802300848 188
689 5.02539513606 189
690 5.39921610531 190
691 5.45196659303 191
692 5.19261134417 192
693 5.32281451806 193
694 5.33025574553 194
695 5.50464811165 195
696 5.04520675439 196
697 5.89097106831 197
698 5.34155045414 198
699 6.54282268657 199
700 5.65773450957 200
701 5.06890106532 201
702 5.23426235041 202
703 5.0806630142 203
704 5.24600646061 204
705 5.03237356889 205
706 5.04001052844 206
707 5.28539715453 207
708 5.55308970665 208
709 5.79179007117 209
710 5.25139767209 210
711 5.07267783573 211
712 6.28552631271 212
713 5.50037350355 213
714 5.30364217065 214
715 5.57929852255 215
716 5.10571851108 216
717 5.60509962947 217
718 5.61859315085 218
719 5.10493551303 219
720 5.13155054346 220
721 8.44215380343 221
722 5.57882700481 222
723 5.40737032661 223
724 6.11501900043 224
725 5.01945774382 225
726 5.31542843648 226
727 5.22951548114 227
728 5.61083581015 228
729 5.1025744627 229
730 5.63019447262 230
731 5.2269111776 231
732 5.78820107136 232
733 5.2332819102 233
734 5.61245558134 234
735 5.18005945503 235
736 5.57822481034 236
737 6.46106565578 237
738 5.69879778152 238
739 5.03749350315 239
740 5.13415075754 240
741 5.26815276333 241
742 5.28261574352 242
743 5.08320609053 243
744 5.33929441818 244
745 5.98834938683 245
746 5.0410367377 246
747 5.16591550661 247
748 6.25959294145 248
749 5.09780129885 249
750 5.29709436051 250
751 5.40986259193 251
752 5.06199635215 252
753 5.25811499467 253
754 5.50359345619 254
755 5.11877468528 255
756 5.14791639644 256
757 5.08318208958 257
758 5.091219209 258
759 5.26123347451 259
760 5.21938359369 260
761 5.3487214454 261
762 5.72077607902 262
763 5.17090608643 263
764 5.15139146326 264
765 5.787517046 265
766 6.38790158086 266
767 5.37564589809 267
768 5.1055559522 268
769 5.02894506873 269
770 5.00542548046 270
771 5.03815675911 271
772 7.41270791604 272
773 5.28471339231 273
774 5.04793717973 274
775 5.18221029836 275
776 7.35947592242 276
777 5.09486458887 277
778 5.28576004193 278
779 5.15475280731 279
780 6.43002050064 280
781 5.24706301552 281
782 5.31345240744 282
783 5.05546710898 283
784 5.55622411937 284
785 5.23299972743 285
786 5.04576343799 286
787 5.10286945827 287
788 5.06199037501 288
789 5.45564552531 289
790 5.97119831268 290
791 5.62580286816 291
792 5.15236351296 292
793 5.37181270922 293
794 5.58379315777 294
795 5.18144198944 295
796 5.49064610373 296
797 5.09090774167 297
798 5.19279836446 298
799 5.19379933018 299
800 6.15448119907 300
801 5.09862408846 301
802 5.35981231226 302
803 5.25279758582 303
804 5.07955884052 304
805 5.27020045172 305
806 5.26250437374 306
807 5.15547033027 307
808 5.19882975968 308
809 5.08361410118 309
810 5.31988144072 310
811 5.11800108045 311
812 5.33844586488 312
813 5.70334248373 313
814 5.09064627987 314
815 5.05717807198 315
816 5.02672924675 316
817 5.87798885042 317
818 5.37139794193 318
819 5.00086927851 319
820 5.19593084598 320
821 5.07769025899 321
822 5.0421439404 322
823 6.80767088437 323
824 5.08037008187 324
825 5.11243825221 325
826 5.46973562146 326
827 6.47126040337 327
828 5.62923205237 328
829 8.59704979642 329
830 5.5646878351 330
831 5.29465199122 331
832 6.90509561347 332
833 5.10522739942 333
834 5.31665466261 334
835 5.23243234512 335
836 5.21477531822 336
837 5.09461244184 337
838 8.56993431643 338
839 5.71839844093 339
840 5.03238970151 340
841 6.0588202548 341
842 5.00504578395 342
843 5.06933230749 343
844 5.02237085376 344
845 5.08996895814 345
846 9.25360365663 346
847 5.00540449835 347
848 5.05969203535 348
849 5.62176690504 349
850 5.01013218008 350
851 6.25720928849 351
852 5.00379186422 352
853 6.44758716551 353
854 5.40707188649 354
855 5.34066699682 355
856 5.06224482949 356
857 5.1745910935 357
858 5.20219768078 358
859 5.45353090588 359
860 5.85191389668 360
861 5.34059749467 361
862 5.13926258804 362
863 5.14945282299 363
864 5.31375238763 364
865 6.61909940082 365
866 5.94316388144 366
867 5.01612145763 367
868 7.66318867806 368
869 7.44023938342 369
870 5.26457667836 370
871 5.08775312523 371
872 5.46753533504 372
873 6.68883858303 373
874 5.65885124019 374
875 5.06764941831 375
876 5.54358276545 376
877 6.86445186987 377
878 5.04045045908 378
879 5.4907832672 379
880 5.19046606438 380
881 5.58497178489 381
882 6.740725687 382
883 5.4352999822 383
884 5.1062222553 384
885 5.07811147633 385
886 5.13379504939 386
887 5.0825959987 387
888 5.03931024803 388
889 5.40390728035 389
890 5.32029543378 390
891 5.15754819288 391
892 5.28206927823 392
893 5.24455066399 393
894 5.0248194756 394
895 5.19803344093 395
896 5.45314919197 396
897 5.34120731196 397
898 8.09629090752 398
899 6.70335229261 399
900 5.35284131952 400
901 5.15883506566 401
902 5.40311996675 402
903 5.6197068915 403
904 5.48308514125 404
905 5.39678711604 405
906 5.08488735948 406
907 5.24473652408 407
908 5.4995068439 408
909 5.5000376889 409
910 5.20465345002 410
911 5.06975153914 411
912 5.19146557414 412
913 5.01953072367 413
914 5.75055309148 414
915 5.01555128372 415
916 5.656529552 416
917 5.02256697775 417
918 5.1261635292 418
919 5.11357593229 419
920 5.03156301699 420
921 5.10758948054 421
922 5.33242929157 422
923 5.17271951896 423
924 5.08509969822 424
925 5.07194339949 425
926 5.53435131289 426
927 5.3390858553 427
928 5.3854143099 428
929 5.10602983259 429
930 5.02643378499 430
931 5.06710696143 431
932 5.06712698347 432
933 5.35287038377 433
934 5.32623263715 434
935 5.36721739265 435
936 5.45541940307 436
937 5.93384162746 437
938 6.0631959752 438
939 6.05407978224 439
940 5.00748817178 440
941 5.98811330114 441
942 5.13515109042 442
943 5.49843737072 443
944 5.35402398582 444
945 5.32569398669 445
946 5.10502900782 446
947 5.32886926187 447
948 5.85309736627 448
949 5.14230907743 449
950 5.75845023949 450
951 5.22611763965 451
952 5.37683353764 452
953 5.19654804983 453
954 5.33710695643 454
955 5.6663383635 455
956 5.43585309552 456
957 5.9394183727 457
958 5.15071641863 458
959 5.06658959053 459
960 5.16346023102 460
961 5.60092617921 461
962 5.8135098072 462
963 5.21386066816 463
964 5.01261634099 464
965 5.29542161094 465
966 5.13362806655 466
967 7.41795479285 467
968 5.97818568805 468
969 5.25884060622 469
970 5.37690085691 470
971 5.21752114973 471
972 5.78423850842 472
973 5.15446115803 473
974 5.50149669136 474
975 5.04597383818 475
976 8.26261840864 476
977 5.0443227458 477
978 5.00543917111 478
979 5.31934731771 479
980 5.01103080009 480
981 5.32672462095 481
982 6.34401774548 482
983 5.2359302333 483
984 5.45479820698 484
985 5.52495075278 485
986 5.12597795515 486
987 5.11511957775 487
988 5.32912724348 488
989 6.39583561351 489
990 5.40324232604 490
991 5.13643366412 491
992 5.65017599057 492
993 5.47051063635 493
994 5.06883912133 494
995 5.11174803216 495
996 5.54956516361 496
997 5.11869374774 497
998 5.52246322294 498
999 5.4207687196 499
