0 6 6000000
1 20 34000000
2 24 20000000
3 24 20000000
4 16 2500000000
4 20 2500000000
5 12 2500000000
5 16 2500000000
6 0 6000000
6 8 622000000
6 10 155000000
6 11 155000000
6 12 10000000000
6 19 6000000
6 22 2500000000
6 24 10000000000
6 26 34000000
7 20 155000000
8 6 622000000
9 20 155000000
10 6 155000000
11 6 155000000
12 5 2500000000
12 6 10000000000
12 20 10000000000
13 20 20000000
14 16 155000000
15 23 2500000000
15 24 2500000000
16 5 2500000000
16 4 2500000000
16 14 155000000
16 21 155000000
17 20 34000000
18 24 6000000
19 6 6000000
20 1 34000000
20 4 2500000000
20 7 155000000
20 9 155000000
20 12 10000000000
20 13 20000000
20 17 34000000
20 24 10000000000
20 25 34000000
21 16 155000000
22 6 2500000000
22 23 2500000000
23 15 2500000000
23 22 2500000000
24 2 20000000
24 3 20000000
24 6 10000000000
24 15 2500000000
24 18 6000000
24 20 10000000000
25 20 34000000
26 6 34000000
27 33 6000000
28 47 34000000
29 51 20000000
30 51 20000000
31 43 2500000000
31 47 2500000000
32 39 2500000000
32 43 2500000000
33 27 6000000
33 35 622000000
33 37 155000000
33 38 155000000
33 39 10000000000
33 46 6000000
33 49 2500000000
33 51 10000000000
33 53 34000000
34 47 155000000
35 33 622000000
36 47 155000000
37 33 155000000
38 33 155000000
39 32 2500000000
39 33 10000000000
39 47 10000000000
40 47 20000000
41 43 155000000
42 50 2500000000
42 51 2500000000
43 32 2500000000
43 31 2500000000
43 41 155000000
43 48 155000000
44 47 34000000
45 51 6000000
46 33 6000000
47 28 34000000
47 31 2500000000
47 34 155000000
47 36 155000000
47 39 10000000000
47 40 20000000
47 44 34000000
47 51 10000000000
47 52 34000000
48 43 155000000
49 33 2500000000
49 50 2500000000
50 42 2500000000
50 49 2500000000
51 29 20000000
51 30 20000000
51 33 10000000000
51 42 2500000000
51 45 6000000
51 47 10000000000
52 47 34000000
53 33 34000000
24 54 10000000000
54 24 10000000000
54 55 10000000000
55 56 10000000000
33 56 10000000000
