0.599790308137 8 796
0.71808996176 8 1668
0.778180032356 7 4562
1.34585849183 7 3899
1.63518785279 2 7742
1.81381023607 3 10031
1.82986865915 5 4029
1.90683927439 8 12998
2.77766646773 0 9167
2.86198986194 4 3329
2.94891055906 1 65
3.3634690564 0 8605
3.52169453831 5 889
3.77841688804 3 2573
3.79110079015 8 5985
3.82813140284 2 7386
3.97514238084 1 648
4.16894917943 4 3142
4.42217579978 2 13091
4.6355136164 5 6069
6.2225724769 4 4893
6.76683785345 9 6048
6.88159945674 2 5486
7.62710378989 2 4148
7.80366146552 7 4374
8.22138744012 9 13549
8.46408772225 2 2377
8.6860978398 3 4723
9.31319250823 6 7276
9.36721694607 6 5851
9.58723784949 2 6282
10.9124602782 6 12222
11.5142660574 8 8327
11.6727198064 9 11752
12.9588618635 9 1489
13.2820834675 5 7951
13.418012686 8 157
13.4314666423 2 8399
13.6147582313 0 10327
14.0778762616 5 5926
14.5602423978 9 5096
14.9353814042 5 12298
15.9920357217 7 1790
16.2821209409 9 6742
17.2135852812 3 5888
17.6659382711 5 10303
18.0380926972 4 6388
18.8229475134 5 2908
19.3527411045 9 6991
20.1473939353 1 3985
20.2414219706 2 13434
20.5823394307 9 12385
20.7067737519 0 12686
20.7227770892 0 12049
23.211428533 8 9302
23.9502769736 8 773
24.619643215 3 893
25.4031979946 6 3177
25.6048444399 3 12126
26.6576261817 0 4132
26.9078402862 9 881
27.5014310497 4 2845
27.9364625279 1 6778
28.5977577579 8 2932
28.820048359 5 11814
31.2762531464 9 7607
33.393697956 0 12132
33.5124903409 8 13970
37.3101306942 8 10322
37.8254762554 7 9390
39.1329014191 7 7973
39.5997903081 8 797
39.7180899618 8 1669
39.7781800324 7 4563
40.3458584918 7 3900
40.6351878528 2 7743
40.8138102361 3 10032
40.8298686591 5 4030
40.9068392744 8 12999
41.0046437477 8 6037
41.7776664677 0 9168
41.8619898619 4 3330
41.9424584343 2 13624
41.9489105591 1 66
42.3634690564 0 8606
42.5216945383 5 890
42.778416888 3 2574
42.7911007901 8 5986
42.8281314028 2 7387
42.9751423808 1 649
43.1689491794 4 3143
43.3575217952 9 5470
43.4221757998 2 13092
43.6355136164 5 6070
44.9637672992 0 2229
45.2225724769 4 4894
45.7668378535 9 6049
45.8815994567 2 5487
46.6271037899 2 4149
46.8036614655 7 4375
47.2213874401 9 13550
47.4640877222 2 2378
47.6860978398 3 4724
48.0047798603 0 12196
48.3131925082 6 7277
48.3672169461 6 5852
48.5872378495 2 6283
48.9719315879 2 572
49.9124602782 6 12223
50.5142660574 8 8328
50.6727198064 9 11753
51.069537069 2 4220
51.9588618635 9 1490
52.2820834675 5 7952
52.418012686 8 158
52.4314666423 2 8400
52.6147582313 0 10328
52.6573305988 0 1304
53.0778762616 5 5927
53.5602423978 9 5097
53.678429296 5 13139
53.7860379188 5 7953
53.9353814042 5 12299
54.2121004941 5 11824
54.2424066806 1 1834
54.9623211918 0 6464
54.9920357217 7 1791
55.2821209409 9 6743
56.2135852812 3 5889
56.6659382711 5 10304
57.0380926972 4 6389
57.8229475134 5 2909
58.3527411045 9 6992
59.1473939353 1 3986
59.2414219706 2 13435
59.5823394307 9 12386
59.7067737519 0 12687
59.7227770892 0 12050
60.8765727039 4 12894
61.9513975986 9 2775
62.211428533 8 9303
62.3900217846 2 8156
62.9502769736 8 774
63.619643215 3 894
64.4031979946 6 3178
64.6048444399 3 12127
65.6576261817 0 4133
65.9078402862 9 882
66.5014310497 4 2846
66.9364625279 1 6779
67.157925693 8 4452
67.2390133093 1 6304
67.5977577579 8 2933
67.820048359 5 11815
70.2762531464 9 7608
72.393697956 0 12133
72.5124903409 8 13971
75.6672087955 7 11571
76.3101306942 8 10323
76.8254762554 7 9391
77.9095074661 4 3112
78.1329014191 7 7974
78.5997903081 8 798
78.7180899618 8 1670
78.7781800324 7 4564
79.3458584918 7 3901
79.6351878528 2 7744
79.8138102361 3 10033
79.8298686591 5 4031
79.9068392744 8 13000
80.0046437477 8 6038
80.7776664677 0 9169
80.8619898619 4 3331
80.9424584343 2 13625
80.9489105591 1 67
81.3634690564 0 8607
81.5216945383 5 891
81.778416888 3 2575
81.7911007901 8 5987
81.8281314028 2 7388
81.9751423808 1 650
82.1689491794 4 3144
82.3575217952 9 5471
82.4221757998 2 13093
82.6355136164 5 6071
83.3000075134 6 4631
83.9637672992 0 2230
84.2225724769 4 4895
84.7668378535 9 6050
84.8815994567 2 5488
85.6271037899 2 4150
86.2213874401 9 13551
86.4640877222 2 2379
86.6860978398 3 4725
87.0047798603 0 12197
87.3131925082 6 7278
87.3672169461 6 5853
87.5872378495 2 6284
87.9719315879 2 573
88.9124602782 6 12224
89.5142660574 8 8329
89.6727198064 9 11754
90.069537069 2 4221
90.9588618635 9 1491
91.2820834675 5 7953
91.418012686 8 159
91.4314666423 2 8401
91.6147582313 0 10329
91.6573305988 0 1305
91.7542434172 2 5840
92.0778762616 5 5928
92.5602423978 9 5098
92.678429296 5 13140
92.7860379188 5 7954
92.9353814042 5 12300
93.2121004941 5 11825
93.2424066806 1 1835
93.9623211918 0 6465
93.9920357217 7 1792
94.2821209409 9 6744
95.2135852812 3 5890
95.6659382711 5 10305
96.0380926972 4 6390
96.8229475134 5 2910
97.3527411045 9 6993
98.1473939353 1 3987
98.2414219706 2 13436
98.5823394307 9 12387
98.7227770892 0 12051
99.8765727039 4 12895
100.951397599 9 2776
101.211428533 8 9304
101.390021785 2 8157
101.950276974 8 775
102.619643215 3 895
103.403197995 6 3179
103.60484444 3 12128
103.911601957 0 12005
104.657626182 0 4134
104.907840286 9 883
105.50143105 4 2847
105.936462528 1 6780
106.157925693 8 4453
106.239013309 1 6305
106.597757758 8 2934
106.820048359 5 11816
109.276253146 9 7609
111.393697956 0 12134
111.512490341 8 13972
114.667208795 7 11572
115.310130694 8 10324
115.786743616 0 13305
115.825476255 7 9392
116.25299096 8 4076
116.909507466 4 3113
117.132901419 7 7975
117.599790308 8 799
117.718089962 8 1671
117.778180032 7 4565
118.325846849 6 13716
118.345858492 7 3902
118.635187853 2 7745
118.813810236 3 10034
118.829868659 5 4032
118.906839274 8 13001
119.004643748 8 6039
119.777666468 0 9170
119.861989862 4 3332
119.942458434 2 13626
120.363469056 0 8608
120.521694538 5 892
120.778416888 3 2576
120.79110079 8 5988
120.828131403 2 7389
120.975142381 1 651
121.168949179 4 3145
121.357521795 9 5472
121.4221758 2 13094
121.635513616 5 6072
121.784291064 3 2084
122.300007513 6 4632
123.222572477 4 4896
123.766837853 9 6051
123.881599457 2 5489
124.62710379 2 4151
125.22138744 9 13552
125.464087722 2 2380
125.68609784 3 4726
126.00477986 0 12198
126.313192508 6 7279
126.367216946 6 5854
126.587237849 2 6285
126.971931588 2 574
127.912460278 6 12225
128.514266057 8 8330
128.672719806 9 11755
129.069537069 2 4222
129.958861863 9 1492
130.282083467 5 7954
130.418012686 8 160
130.431466642 2 8402
130.614758231 0 10330
130.657330599 0 1306
130.754243417 2 5841
131.077876262 5 5929
131.560242398 9 5099
131.678429296 5 13141
131.786037919 5 7955
131.935381404 5 12301
132.212100494 5 11826
132.242406681 1 1836
132.962321192 0 6466
132.992035722 7 1793
133.282120941 9 6745
134.213585281 3 5891
134.665938271 5 10306
135.038092697 4 6391
135.822947513 5 2911
136.352741104 9 6994
137.147393935 1 3988
137.241421971 2 13437
137.582339431 9 12388
137.722777089 0 12052
138.876572704 4 12896
139.951397599 9 2777
140.211428533 8 9305
140.390021785 2 8158
140.950276974 8 776
141.619643215 3 896
142.403197995 6 3180
142.60484444 3 12129
142.911601957 0 12006
143.657626182 0 4135
143.907840286 9 884
144.50143105 4 2848
144.936462528 1 6781
145.157925693 8 4454
145.239013309 1 6306
145.597757758 8 2935
145.820048359 5 11817
148.276253146 9 7610
150.393697956 0 12135
150.512490341 8 13973
153.667208795 7 11573
154.310130694 8 10325
154.786743616 0 13306
154.825476255 7 9393
155.25299096 8 4077
155.909507466 4 3114
156.132901419 7 7976
156.599790308 8 800
156.718089962 8 1672
156.778180032 7 4566
157.325846849 6 13717
157.345858492 7 3903
157.635187853 2 7746
157.813810236 3 10035
157.829868659 5 4033
157.906839274 8 13002
158.004643748 8 6040
158.777666468 0 9171
158.861989862 4 3333
158.942458434 2 13627
159.363469056 0 8609
159.521694538 5 893
159.778416888 3 2577
159.79110079 8 5989
159.828131403 2 7390
159.975142381 1 652
160.168949179 4 3146
160.357521795 9 5473
160.4221758 2 13095
160.635513616 5 6073
160.784291064 3 2085
161.300007513 6 4633
162.222572477 4 4897
162.766837853 9 6052
162.881599457 2 5490
163.62710379 2 4152
164.22138744 9 13553
164.464087722 2 2381
164.68609784 3 4727
165.313192508 6 7280
165.367216946 6 5855
165.587237849 2 6286
165.971931588 2 575
166.912460278 6 12226
167.514266057 8 8331
167.672719806 9 11756
168.069537069 2 4223
168.958861863 9 1493
169.282083467 5 7955
169.418012686 8 161
169.431466642 2 8403
169.614758231 0 10331
169.657330599 0 1307
169.754243417 2 5842
170.077876262 5 5930
170.560242398 9 5100
170.678429296 5 13142
170.786037919 5 7956
170.935381404 5 12302
171.212100494 5 11827
171.242406681 1 1837
171.962321192 0 6467
171.992035722 7 1794
172.282120941 9 6746
173.213585281 3 5892
173.665938271 5 10307
174.038092697 4 6392
174.822947513 5 2912
175.352741104 9 6995
176.147393935 1 3989
176.241421971 2 13438
176.582339431 9 12389
176.722777089 0 12053
177.876572704 4 12897
178.951397599 9 2778
179.211428533 8 9306
179.390021785 2 8159
179.950276974 8 777
180.619643215 3 897
181.403197995 6 3181
181.60484444 3 12130
181.911601957 0 12007
182.657626182 0 4136
182.907840286 9 885
183.50143105 4 2849
183.936462528 1 6782
184.157925693 8 4455
184.239013309 1 6307
184.597757758 8 2936
184.820048359 5 11818
187.276253146 9 7611
189.393697956 0 12136
189.512490341 8 13974
192.667208795 7 11574
193.310130694 8 10326
193.786743616 0 13307
193.825476255 7 9394
194.25299096 8 4078
194.909507466 4 3115
195.132901419 7 7977
195.599790308 8 801
195.718089962 8 1673
195.778180032 7 4567
196.325846849 6 13718
196.345858492 7 3904
196.813810236 3 10036
196.829868659 5 4034
196.906839274 8 13003
197.004643748 8 6041
197.777666468 0 9172
197.861989862 4 3334
197.942458434 2 13628
198.363469056 0 8610
198.521694538 5 894
198.778416888 3 2578
198.79110079 8 5990
198.828131403 2 7391
198.975142381 1 653
199.168949179 4 3147
199.357521795 9 5474
199.4221758 2 13096
199.635513616 5 6074
199.784291064 3 2086
200.300007513 6 4634
201.222572477 4 4898
201.766837853 9 6053
201.881599457 2 5491
202.62710379 2 4153
203.22138744 9 13554
203.464087722 2 2382
203.68609784 3 4728
204.313192508 6 7281
204.367216946 6 5856
204.587237849 2 6287
204.971931588 2 576
205.912460278 6 12227
206.514266057 8 8332
206.672719806 9 11757
207.069537069 2 4224
207.958861863 9 1494
208.282083467 5 7956
208.418012686 8 162
208.431466642 2 8404
208.614758231 0 10332
208.657330599 0 1308
208.754243417 2 5843
209.077876262 5 5931
209.560242398 9 5101
209.678429296 5 13143
209.786037919 5 7957
209.935381404 5 12303
210.212100494 5 11828
210.242406681 1 1838
210.962321192 0 6468
210.992035722 7 1795
211.282120941 9 6747
212.213585281 3 5893
212.665938271 5 10308
213.822947513 5 2913
214.352741104 9 6996
215.147393935 1 3990
215.241421971 2 13439
215.582339431 9 12390
215.722777089 0 12054
216.876572704 4 12898
217.951397599 9 2779
218.211428533 8 9307
218.390021785 2 8160
218.950276974 8 778
219.619643215 3 898
220.403197995 6 3182
220.60484444 3 12131
220.911601957 0 12008
221.657626182 0 4137
221.907840286 9 886
222.50143105 4 2850
222.936462528 1 6783
223.157925693 8 4456
223.239013309 1 6308
223.597757758 8 2937
223.820048359 5 11819
226.276253146 9 7612
228.393697956 0 12137
228.512490341 8 13975
231.667208795 7 11575
232.310130694 8 10327
232.786743616 0 13308
232.825476255 7 9395
233.25299096 8 4079
233.909507466 4 3116
234.132901419 7 7978
234.718089962 8 1674
234.778180032 7 4568
235.325846849 6 13719
235.345858492 7 3905
235.813810236 3 10037
235.829868659 5 4035
235.906839274 8 13004
236.004643748 8 6042
236.777666468 0 9173
236.861989862 4 3335
236.942458434 2 13629
237.363469056 0 8611
237.778416888 3 2579
237.79110079 8 5991
237.828131403 2 7392
237.975142381 1 654
238.168949179 4 3148
238.357521795 9 5475
238.4221758 2 13097
238.635513616 5 6075
238.784291064 3 2087
239.300007513 6 4635
240.222572477 4 4899
240.766837853 9 6054
240.881599457 2 5492
241.62710379 2 4154
242.22138744 9 13555
242.464087722 2 2383
242.68609784 3 4729
243.313192508 6 7282
243.367216946 6 5857
243.587237849 2 6288
243.971931588 2 577
244.912460278 6 12228
245.672719806 9 11758
246.069537069 2 4225
246.958861863 9 1495
247.282083467 5 7957
247.418012686 8 163
247.431466642 2 8405
247.614758231 0 10333
247.657330599 0 1309
247.754243417 2 5844
248.560242398 9 5102
248.678429296 5 13144
248.786037919 5 7958
248.935381404 5 12304
249.212100494 5 11829
249.242406681 1 1839
249.962321192 0 6469
249.992035722 7 1796
250.282120941 9 6748
251.213585281 3 5894
251.665938271 5 10309
252.822947513 5 2914
253.352741104 9 6997
254.147393935 1 3991
254.241421971 2 13440
254.582339431 9 12391
254.722777089 0 12055
255.876572704 4 12899
256.951397599 9 2780
257.211428533 8 9308
257.390021785 2 8161
257.950276974 8 779
258.619643215 3 899
259.403197995 6 3183
259.60484444 3 12132
259.911601957 0 12009
260.657626182 0 4138
260.907840286 9 887
261.50143105 4 2851
261.936462528 1 6784
262.157925693 8 4457
262.239013309 1 6309
262.597757758 8 2938
262.820048359 5 11820
265.276253146 9 7613
267.393697956 0 12138
267.512490341 8 13976
270.667208795 7 11576
271.310130694 8 10328
271.786743616 0 13309
271.825476255 7 9396
272.25299096 8 4080
272.909507466 4 3117
273.132901419 7 7979
273.718089962 8 1675
273.778180032 7 4569
274.325846849 6 13720
274.345858492 7 3906
274.813810236 3 10038
274.829868659 5 4036
275.004643748 8 6043
275.777666468 0 9174
275.861989862 4 3336
275.942458434 2 13630
276.363469056 0 8612
276.778416888 3 2580
276.79110079 8 5992
276.828131403 2 7393
276.975142381 1 655
277.168949179 4 3149
277.357521795 9 5476
277.4221758 2 13098
277.635513616 5 6076
277.784291064 3 2088
278.300007513 6 4636
279.222572477 4 4900
279.766837853 9 6055
279.881599457 2 5493
280.62710379 2 4155
281.22138744 9 13556
281.464087722 2 2384
281.68609784 3 4730
282.313192508 6 7283
282.367216946 6 5858
282.587237849 2 6289
282.971931588 2 578
283.912460278 6 12229
284.672719806 9 11759
285.069537069 2 4226
285.958861863 9 1496
286.282083467 5 7958
286.418012686 8 164
286.431466642 2 8406
286.614758231 0 10334
286.657330599 0 1310
286.754243417 2 5845
287.560242398 9 5103
287.678429296 5 13145
287.786037919 5 7959
287.935381404 5 12305
288.212100494 5 11830
288.242406681 1 1840
288.962321192 0 6470
289.282120941 9 6749
290.213585281 3 5895
290.665938271 5 10310
291.822947513 5 2915
292.352741104 9 6998
293.147393935 1 3992
293.241421971 2 13441
293.582339431 9 12392
293.722777089 0 12056
294.876572704 4 12900
295.951397599 9 2781
296.211428533 8 9309
296.390021785 2 8162
296.950276974 8 780
297.619643215 3 900
298.403197995 6 3184
298.60484444 3 12133
298.911601957 0 12010
299.657626182 0 4139
299.907840286 9 888
300.50143105 4 2852
300.936462528 1 6785
301.157925693 8 4458
301.239013309 1 6310
301.597757758 8 2939
301.820048359 5 11821
304.276253146 9 7614
306.512490341 8 13977
309.667208795 7 11577
310.310130694 8 10329
310.786743616 0 13310
310.825476255 7 9397
311.25299096 8 4081
311.909507466 4 3118
312.132901419 7 7980
312.718089962 8 1676
312.778180032 7 4570
313.325846849 6 13721
313.345858492 7 3907
313.813810236 3 10039
313.829868659 5 4037
314.004643748 8 6044
314.777666468 0 9175
314.861989862 4 3337
314.942458434 2 13631
315.363469056 0 8613
315.778416888 3 2581
315.79110079 8 5993
315.828131403 2 7394
315.975142381 1 656
316.168949179 4 3150
316.357521795 9 5477
316.4221758 2 13099
316.635513616 5 6077
316.784291064 3 2089
317.300007513 6 4637
318.222572477 4 4901
318.766837853 9 6056
318.881599457 2 5494
319.62710379 2 4156
320.22138744 9 13557
320.464087722 2 2385
320.68609784 3 4731
321.313192508 6 7284
321.367216946 6 5859
321.587237849 2 6290
321.971931588 2 579
322.912460278 6 12230
323.672719806 9 11760
324.069537069 2 4227
324.958861863 9 1497
325.282083467 5 7959
325.418012686 8 165
325.431466642 2 8407
325.614758231 0 10335
325.657330599 0 1311
325.754243417 2 5846
326.560242398 9 5104
326.678429296 5 13146
326.786037919 5 7960
326.935381404 5 12306
327.212100494 5 11831
327.242406681 1 1841
327.962321192 0 6471
328.282120941 9 6750
329.213585281 3 5896
329.665938271 5 10311
330.822947513 5 2916
331.352741104 9 6999
332.147393935 1 3993
332.241421971 2 13442
332.582339431 9 12393
332.722777089 0 12057
333.876572704 4 12901
334.951397599 9 2782
335.211428533 8 9310
335.390021785 2 8163
335.950276974 8 781
336.619643215 3 901
337.403197995 6 3185
337.60484444 3 12134
337.911601957 0 12011
338.657626182 0 4140
338.907840286 9 889
339.50143105 4 2853
339.936462528 1 6786
340.157925693 8 4459
340.239013309 1 6311
340.597757758 8 2940
340.820048359 5 11822
343.276253146 9 7615
345.512490341 8 13978
348.667208795 7 11578
349.310130694 8 10330
349.786743616 0 13311
350.25299096 8 4082
350.909507466 4 3119
351.132901419 7 7981
351.718089962 8 1677
351.778180032 7 4571
352.325846849 6 13722
352.345858492 7 3908
352.813810236 3 10040
352.829868659 5 4038
353.004643748 8 6045
353.777666468 0 9176
353.861989862 4 3338
353.942458434 2 13632
354.363469056 0 8614
354.778416888 3 2582
354.79110079 8 5994
354.828131403 2 7395
355.168949179 4 3151
355.357521795 9 5478
355.4221758 2 13100
355.635513616 5 6078
355.784291064 3 2090
356.300007513 6 4638
357.222572477 4 4902
357.766837853 9 6057
357.881599457 2 5495
358.62710379 2 4157
359.22138744 9 13558
359.464087722 2 2386
359.68609784 3 4732
360.313192508 6 7285
360.367216946 6 5860
360.587237849 2 6291
360.971931588 2 580
361.912460278 6 12231
362.672719806 9 11761
363.069537069 2 4228
363.958861863 9 1498
364.282083467 5 7960
364.418012686 8 166
364.431466642 2 8408
364.614758231 0 10336
364.657330599 0 1312
364.754243417 2 5847
365.560242398 9 5105
365.678429296 5 13147
365.786037919 5 7961
365.935381404 5 12307
366.212100494 5 11832
366.242406681 1 1842
366.962321192 0 6472
367.282120941 9 6751
368.213585281 3 5897
368.665938271 5 10312
369.822947513 5 2917
370.352741104 9 7000
371.147393935 1 3994
371.241421971 2 13443
371.582339431 9 12394
371.722777089 0 12058
372.876572704 4 12902
373.951397599 9 2783
374.211428533 8 9311
374.390021785 2 8164
374.950276974 8 782
375.619643215 3 902
376.403197995 6 3186
376.60484444 3 12135
376.911601957 0 12012
377.657626182 0 4141
377.907840286 9 890
378.50143105 4 2854
378.936462528 1 6787
379.157925693 8 4460
379.239013309 1 6312
379.597757758 8 2941
379.820048359 5 11823
382.276253146 9 7616
384.512490341 8 13979
387.667208795 7 11579
388.310130694 8 10331
388.786743616 0 13312
389.25299096 8 4083
389.909507466 4 3120
390.132901419 7 7982
390.718089962 8 1678
390.778180032 7 4572
391.325846849 6 13723
391.345858492 7 3909
391.813810236 3 10041
391.829868659 5 4039
392.004643748 8 6046
392.777666468 0 9177
392.861989862 4 3339
392.942458434 2 13633
393.363469056 0 8615
393.778416888 3 2583
393.79110079 8 5995
393.828131403 2 7396
394.168949179 4 3152
394.357521795 9 5479
394.4221758 2 13101
394.635513616 5 6079
395.300007513 6 4639
396.222572477 4 4903
396.766837853 9 6058
396.881599457 2 5496
397.62710379 2 4158
398.22138744 9 13559
398.464087722 2 2387
398.68609784 3 4733
399.313192508 6 7286
399.367216946 6 5861
399.587237849 2 6292
399.971931588 2 581
400.912460278 6 12232
401.672719806 9 11762
402.069537069 2 4229
402.958861863 9 1499
403.282083467 5 7961
403.418012686 8 167
403.431466642 2 8409
403.614758231 0 10337
403.657330599 0 1313
404.560242398 9 5106
404.678429296 5 13148
404.786037919 5 7962
404.935381404 5 12308
405.212100494 5 11833
405.242406681 1 1843
405.962321192 0 6473
406.282120941 9 6752
407.213585281 3 5898
407.665938271 5 10313
408.822947513 5 2918
409.352741104 9 7001
410.147393935 1 3995
410.241421971 2 13444
410.582339431 9 12395
410.722777089 0 12059
411.876572704 4 12903
412.951397599 9 2784
413.390021785 2 8165
413.950276974 8 783
414.619643215 3 903
415.403197995 6 3187
415.60484444 3 12136
415.911601957 0 12013
416.657626182 0 4142
416.907840286 9 891
417.50143105 4 2855
417.936462528 1 6788
418.157925693 8 4461
418.239013309 1 6313
418.597757758 8 2942
418.820048359 5 11824
421.276253146 9 7617
423.512490341 8 13980
426.667208795 7 11580
427.310130694 8 10332
427.786743616 0 13313
428.25299096 8 4084
428.909507466 4 3121
429.132901419 7 7983
429.718089962 8 1679
429.778180032 7 4573
430.325846849 6 13724
430.345858492 7 3910
430.813810236 3 10042
430.829868659 5 4040
431.004643748 8 6047
431.777666468 0 9178
431.861989862 4 3340
431.942458434 2 13634
432.363469056 0 8616
432.778416888 3 2584
432.79110079 8 5996
432.828131403 2 7397
433.168949179 4 3153
433.357521795 9 5480
433.4221758 2 13102
433.635513616 5 6080
434.300007513 6 4640
435.222572477 4 4904
435.766837853 9 6059
435.881599457 2 5497
436.62710379 2 4159
437.22138744 9 13560
437.464087722 2 2388
437.68609784 3 4734
438.313192508 6 7287
438.367216946 6 5862
438.587237849 2 6293
438.971931588 2 582
439.912460278 6 12233
440.672719806 9 11763
441.958861863 9 1500
442.282083467 5 7962
442.418012686 8 168
442.431466642 2 8410
442.614758231 0 10338
442.657330599 0 1314
443.560242398 9 5107
443.678429296 5 13149
443.786037919 5 7963
443.935381404 5 12309
444.212100494 5 11834
444.242406681 1 1844
444.962321192 0 6474
445.282120941 9 6753
446.213585281 3 5899
446.665938271 5 10314
447.822947513 5 2919
448.352741104 9 7002
449.147393935 1 3996
449.241421971 2 13445
449.582339431 9 12396
449.722777089 0 12060
450.876572704 4 12904
451.951397599 9 2785
452.390021785 2 8166
452.950276974 8 784
453.619643215 3 904
454.403197995 6 3188
454.60484444 3 12137
454.911601957 0 12014
455.657626182 0 4143
455.907840286 9 892
456.50143105 4 2856
456.936462528 1 6789
457.157925693 8 4462
457.239013309 1 6314
457.597757758 8 2943
457.820048359 5 11825
460.276253146 9 7618
462.512490341 8 13981
465.667208795 7 11581
466.310130694 8 10333
466.786743616 0 13314
467.909507466 4 3122
468.132901419 7 7984
468.718089962 8 1680
468.778180032 7 4574
469.325846849 6 13725
469.345858492 7 3911
469.813810236 3 10043
469.829868659 5 4041
470.004643748 8 6048
470.777666468 0 9179
470.861989862 4 3341
470.942458434 2 13635
471.363469056 0 8617
471.778416888 3 2585
471.79110079 8 5997
471.828131403 2 7398
472.168949179 4 3154
472.357521795 9 5481
472.4221758 2 13103
472.635513616 5 6081
473.300007513 6 4641
474.222572477 4 4905
474.766837853 9 6060
474.881599457 2 5498
475.62710379 2 4160
476.22138744 9 13561
476.464087722 2 2389
476.68609784 3 4735
477.313192508 6 7288
477.367216946 6 5863
477.587237849 2 6294
477.971931588 2 583
478.912460278 6 12234
479.672719806 9 11764
480.958861863 9 1501
481.282083467 5 7963
481.418012686 8 169
481.431466642 2 8411
481.614758231 0 10339
481.657330599 0 1315
482.560242398 9 5108
482.678429296 5 13150
482.786037919 5 7964
482.935381404 5 12310
483.212100494 5 11835
483.242406681 1 1845
483.962321192 0 6475
484.282120941 9 6754
485.213585281 3 5900
485.665938271 5 10315
486.822947513 5 2920
487.352741104 9 7003
488.147393935 1 3997
488.241421971 2 13446
488.582339431 9 12397
488.722777089 0 12061
489.876572704 4 12905
490.951397599 9 2786
491.390021785 2 8167
492.619643215 3 905
493.403197995 6 3189
493.60484444 3 12138
493.911601957 0 12015
494.657626182 0 4144
494.907840286 9 893
495.50143105 4 2857
495.936462528 1 6790
496.157925693 8 4463
496.239013309 1 6315
496.597757758 8 2944
496.820048359 5 11826
499.276253146 9 7619
501.512490341 8 13982
504.667208795 7 11582
505.310130694 8 10334
505.786743616 0 13315
507.132901419 7 7985
507.718089962 8 1681
507.778180032 7 4575
508.325846849 6 13726
508.345858492 7 3912
508.813810236 3 10044
508.829868659 5 4042
509.004643748 8 6049
509.777666468 0 9180
509.861989862 4 3342
509.942458434 2 13636
510.363469056 0 8618
510.778416888 3 2586
510.79110079 8 5998
510.828131403 2 7399
511.168949179 4 3155
511.357521795 9 5482
511.4221758 2 13104
511.635513616 5 6082
512.300007513 6 4642
513.222572477 4 4906
513.766837853 9 6061
513.881599457 2 5499
514.62710379 2 4161
515.22138744 9 13562
515.464087722 2 2390
515.68609784 3 4736
516.313192508 6 7289
516.367216946 6 5864
516.587237849 2 6295
516.971931588 2 584
517.912460278 6 12235
518.672719806 9 11765
519.958861863 9 1502
520.282083467 5 7964
520.418012686 8 170
520.431466642 2 8412
520.614758231 0 10340
520.657330599 0 1316
521.560242398 9 5109
521.678429296 5 13151
521.786037919 5 7965
521.935381404 5 12311
522.212100494 5 11836
522.242406681 1 1846
522.962321192 0 6476
523.282120941 9 6755
524.213585281 3 5901
524.665938271 5 10316
525.822947513 5 2921
526.352741104 9 7004
527.147393935 1 3998
527.241421971 2 13447
527.582339431 9 12398
528.876572704 4 12906
529.951397599 9 2787
530.390021785 2 8168
531.619643215 3 906
532.403197995 6 3190
532.60484444 3 12139
532.911601957 0 12016
533.657626182 0 4145
533.907840286 9 894
534.50143105 4 2858
534.936462528 1 6791
535.157925693 8 4464
535.239013309 1 6316
535.597757758 8 2945
535.820048359 5 11827
538.276253146 9 7620
540.512490341 8 13983
543.667208795 7 11583
544.310130694 8 10335
544.786743616 0 13316
546.132901419 7 7986
546.718089962 8 1682
546.778180032 7 4576
547.325846849 6 13727
547.345858492 7 3913
547.813810236 3 10045
547.829868659 5 4043
548.004643748 8 6050
548.777666468 0 9181
548.861989862 4 3343
548.942458434 2 13637
549.363469056 0 8619
549.778416888 3 2587
549.79110079 8 5999
549.828131403 2 7400
550.168949179 4 3156
550.357521795 9 5483
550.4221758 2 13105
550.635513616 5 6083
551.300007513 6 4643
552.222572477 4 4907
552.766837853 9 6062
552.881599457 2 5500
553.62710379 2 4162
554.22138744 9 13563
554.464087722 2 2391
554.68609784 3 4737
555.313192508 6 7290
555.367216946 6 5865
555.587237849 2 6296
555.971931588 2 585
556.912460278 6 12236
557.672719806 9 11766
558.958861863 9 1503
559.282083467 5 7965
559.418012686 8 171
559.431466642 2 8413
559.614758231 0 10341
559.657330599 0 1317
560.560242398 9 5110
560.678429296 5 13152
560.786037919 5 7966
560.935381404 5 12312
561.212100494 5 11837
561.242406681 1 1847
561.962321192 0 6477
562.282120941 9 6756
563.213585281 3 5902
563.665938271 5 10317
564.822947513 5 2922
565.352741104 9 7005
566.147393935 1 3999
566.241421971 2 13448
566.582339431 9 12399
568.951397599 9 2788
569.390021785 2 8169
570.619643215 3 907
571.403197995 6 3191
571.60484444 3 12140
571.911601957 0 12017
572.657626182 0 4146
572.907840286 9 895
573.50143105 4 2859
573.936462528 1 6792
574.239013309 1 6317
574.597757758 8 2946
574.820048359 5 11828
577.276253146 9 7621
579.512490341 8 13984
582.667208795 7 11584
583.310130694 8 10336
583.786743616 0 13317
585.132901419 7 7987
585.718089962 8 1683
585.778180032 7 4577
586.325846849 6 13728
586.345858492 7 3914
586.813810236 3 10046
586.829868659 5 4044
587.004643748 8 6051
587.777666468 0 9182
587.861989862 4 3344
587.942458434 2 13638
588.363469056 0 8620
588.778416888 3 2588
588.79110079 8 6000
588.828131403 2 7401
589.168949179 4 3157
589.357521795 9 5484
589.4221758 2 13106
589.635513616 5 6084
590.300007513 6 4644
591.222572477 4 4908
591.766837853 9 6063
591.881599457 2 5501
592.62710379 2 4163
593.22138744 9 13564
593.464087722 2 2392
593.68609784 3 4738
594.313192508 6 7291
594.367216946 6 5866
594.587237849 2 6297
594.971931588 2 586
595.912460278 6 12237
596.672719806 9 11767
597.958861863 9 1504
598.282083467 5 7966
598.418012686 8 172
598.431466642 2 8414
598.614758231 0 10342
598.657330599 0 1318
599.560242398 9 5111
599.678429296 5 13153
599.786037919 5 7967
599.935381404 5 12313
600.212100494 5 11838
600.242406681 1 1848
600.962321192 0 6478
601.282120941 9 6757
602.213585281 3 5903
602.665938271 5 10318
603.822947513 5 2923
604.352741104 9 7006
605.147393935 1 4000
605.241421971 2 13449
605.582339431 9 12400
607.951397599 9 2789
608.390021785 2 8170
609.619643215 3 908
610.403197995 6 3192
610.60484444 3 12141
610.911601957 0 12018
611.657626182 0 4147
611.907840286 9 896
612.50143105 4 2860
612.936462528 1 6793
613.239013309 1 6318
613.597757758 8 2947
613.820048359 5 11829
618.512490341 8 13985
621.667208795 7 11585
622.310130694 8 10337
622.786743616 0 13318
624.132901419 7 7988
624.718089962 8 1684
624.778180032 7 4578
625.325846849 6 13729
625.345858492 7 3915
625.813810236 3 10047
625.829868659 5 4045
626.004643748 8 6052
626.777666468 0 9183
626.861989862 4 3345
626.942458434 2 13639
627.363469056 0 8621
627.778416888 3 2589
627.79110079 8 6001
627.828131403 2 7402
628.168949179 4 3158
628.357521795 9 5485
628.4221758 2 13107
628.635513616 5 6085
630.222572477 4 4909
630.766837853 9 6064
630.881599457 2 5502
631.62710379 2 4164
632.22138744 9 13565
632.464087722 2 2393
632.68609784 3 4739
633.313192508 6 7292
633.367216946 6 5867
633.587237849 2 6298
633.971931588 2 587
634.912460278 6 12238
635.672719806 9 11768
636.958861863 9 1505
637.282083467 5 7967
637.418012686 8 173
637.431466642 2 8415
637.614758231 0 10343
637.657330599 0 1319
638.560242398 9 5112
638.678429296 5 13154
638.786037919 5 7968
638.935381404 5 12314
639.212100494 5 11839
639.242406681 1 1849
639.962321192 0 6479
640.282120941 9 6758
641.213585281 3 5904
641.665938271 5 10319
642.822947513 5 2924
643.352741104 9 7007
644.147393935 1 4001
644.241421971 2 13450
644.582339431 9 12401
646.951397599 9 2790
648.619643215 3 909
649.403197995 6 3193
649.60484444 3 12142
649.911601957 0 12019
650.657626182 0 4148
650.907840286 9 897
651.50143105 4 2861
651.936462528 1 6794
652.239013309 1 6319
652.597757758 8 2948
652.820048359 5 11830
657.512490341 8 13986
660.667208795 7 11586
661.310130694 8 10338
661.786743616 0 13319
663.132901419 7 7989
663.718089962 8 1685
663.778180032 7 4579
664.325846849 6 13730
664.345858492 7 3916
664.813810236 3 10048
664.829868659 5 4046
665.004643748 8 6053
665.777666468 0 9184
665.861989862 4 3346
665.942458434 2 13640
666.363469056 0 8622
666.778416888 3 2590
666.79110079 8 6002
666.828131403 2 7403
667.168949179 4 3159
667.357521795 9 5486
667.4221758 2 13108
667.635513616 5 6086
669.222572477 4 4910
669.766837853 9 6065
669.881599457 2 5503
670.62710379 2 4165
671.22138744 9 13566
671.464087722 2 2394
671.68609784 3 4740
672.313192508 6 7293
672.367216946 6 5868
672.587237849 2 6299
672.971931588 2 588
673.912460278 6 12239
674.672719806 9 11769
675.958861863 9 1506
676.282083467 5 7968
676.418012686 8 174
676.431466642 2 8416
676.614758231 0 10344
676.657330599 0 1320
677.560242398 9 5113
677.678429296 5 13155
677.786037919 5 7969
677.935381404 5 12315
678.212100494 5 11840
678.242406681 1 1850
678.962321192 0 6480
679.282120941 9 6759
680.213585281 3 5905
680.665938271 5 10320
681.822947513 5 2925
682.352741104 9 7008
683.147393935 1 4002
683.241421971 2 13451
683.582339431 9 12402
685.951397599 9 2791
687.619643215 3 910
688.403197995 6 3194
688.60484444 3 12143
688.911601957 0 12020
689.657626182 0 4149
689.907840286 9 898
690.50143105 4 2862
690.936462528 1 6795
691.239013309 1 6320
691.597757758 8 2949
691.820048359 5 11831
699.667208795 7 11587
700.310130694 8 10339
700.786743616 0 13320
702.132901419 7 7990
702.718089962 8 1686
702.778180032 7 4580
703.325846849 6 13731
703.345858492 7 3917
703.813810236 3 10049
703.829868659 5 4047
704.004643748 8 6054
704.777666468 0 9185
704.861989862 4 3347
704.942458434 2 13641
705.363469056 0 8623
705.778416888 3 2591
705.79110079 8 6003
705.828131403 2 7404
706.168949179 4 3160
706.357521795 9 5487
706.4221758 2 13109
706.635513616 5 6087
708.222572477 4 4911
708.766837853 9 6066
708.881599457 2 5504
709.62710379 2 4166
710.22138744 9 13567
710.464087722 2 2395
710.68609784 3 4741
711.313192508 6 7294
711.367216946 6 5869
711.587237849 2 6300
711.971931588 2 589
712.912460278 6 12240
713.672719806 9 11770
714.958861863 9 1507
715.282083467 5 7969
715.418012686 8 175
715.431466642 2 8417
715.614758231 0 10345
715.657330599 0 1321
716.560242398 9 5114
716.678429296 5 13156
716.786037919 5 7970
716.935381404 5 12316
717.212100494 5 11841
717.242406681 1 1851
717.962321192 0 6481
718.282120941 9 6760
719.213585281 3 5906
719.665938271 5 10321
720.822947513 5 2926
721.352741104 9 7009
722.147393935 1 4003
722.241421971 2 13452
722.582339431 9 12403
724.951397599 9 2792
726.619643215 3 911
727.403197995 6 3195
727.60484444 3 12144
727.911601957 0 12021
728.657626182 0 4150
728.907840286 9 899
729.50143105 4 2863
729.936462528 1 6796
730.239013309 1 6321
730.597757758 8 2950
730.820048359 5 11832
738.667208795 7 11588
739.310130694 8 10340
739.786743616 0 13321
741.132901419 7 7991
741.718089962 8 1687
741.778180032 7 4581
742.325846849 6 13732
742.345858492 7 3918
742.813810236 3 10050
742.829868659 5 4048
743.004643748 8 6055
743.777666468 0 9186
743.861989862 4 3348
743.942458434 2 13642
744.363469056 0 8624
744.778416888 3 2592
744.79110079 8 6004
744.828131403 2 7405
745.168949179 4 3161
745.357521795 9 5488
745.4221758 2 13110
745.635513616 5 6088
747.222572477 4 4912
747.766837853 9 6067
747.881599457 2 5505
748.62710379 2 4167
749.22138744 9 13568
749.464087722 2 2396
749.68609784 3 4742
750.313192508 6 7295
750.367216946 6 5870
750.587237849 2 6301
750.971931588 2 590
751.912460278 6 12241
752.672719806 9 11771
754.282083467 5 7970
754.418012686 8 176
754.431466642 2 8418
754.614758231 0 10346
754.657330599 0 1322
755.560242398 9 5115
755.678429296 5 13157
755.786037919 5 7971
755.935381404 5 12317
756.212100494 5 11842
756.242406681 1 1852
756.962321192 0 6482
757.282120941 9 6761
758.213585281 3 5907
758.665938271 5 10322
759.822947513 5 2927
760.352741104 9 7010
761.147393935 1 4004
761.241421971 2 13453
761.582339431 9 12404
763.951397599 9 2793
765.619643215 3 912
766.403197995 6 3196
766.60484444 3 12145
766.911601957 0 12022
767.657626182 0 4151
767.907840286 9 900
768.50143105 4 2864
768.936462528 1 6797
769.239013309 1 6322
769.597757758 8 2951
769.820048359 5 11833
777.667208795 7 11589
778.310130694 8 10341
778.786743616 0 13322
780.132901419 7 7992
780.718089962 8 1688
780.778180032 7 4582
781.325846849 6 13733
781.345858492 7 3919
781.813810236 3 10051
781.829868659 5 4049
782.004643748 8 6056
782.777666468 0 9187
782.861989862 4 3349
782.942458434 2 13643
783.363469056 0 8625
783.778416888 3 2593
783.79110079 8 6005
783.828131403 2 7406
784.168949179 4 3162
784.357521795 9 5489
784.4221758 2 13111
784.635513616 5 6089
786.222572477 4 4913
786.766837853 9 6068
786.881599457 2 5506
787.62710379 2 4168
788.22138744 9 13569
788.464087722 2 2397
788.68609784 3 4743
789.313192508 6 7296
789.367216946 6 5871
789.587237849 2 6302
789.971931588 2 591
790.912460278 6 12242
791.672719806 9 11772
793.282083467 5 7971
793.418012686 8 177
793.431466642 2 8419
793.614758231 0 10347
793.657330599 0 1323
794.560242398 9 5116
794.678429296 5 13158
794.786037919 5 7972
794.935381404 5 12318
795.212100494 5 11843
795.242406681 1 1853
795.962321192 0 6483
796.282120941 9 6762
797.213585281 3 5908
797.665938271 5 10323
798.822947513 5 2928
799.352741104 9 7011
800.147393935 1 4005
800.241421971 2 13454
800.582339431 9 12405
802.951397599 9 2794
804.619643215 3 913
805.403197995 6 3197
805.60484444 3 12146
805.911601957 0 12023
806.657626182 0 4152
806.907840286 9 901
807.50143105 4 2865
807.936462528 1 6798
808.239013309 1 6323
808.597757758 8 2952
808.820048359 5 11834
816.667208795 7 11590
817.310130694 8 10342
817.786743616 0 13323
819.132901419 7 7993
819.718089962 8 1689
819.778180032 7 4583
820.325846849 6 13734
820.345858492 7 3920
820.813810236 3 10052
820.829868659 5 4050
821.004643748 8 6057
821.777666468 0 9188
821.861989862 4 3350
821.942458434 2 13644
822.363469056 0 8626
822.778416888 3 2594
822.79110079 8 6006
822.828131403 2 7407
823.168949179 4 3163
823.357521795 9 5490
823.4221758 2 13112
823.635513616 5 6090
825.222572477 4 4914
825.766837853 9 6069
825.881599457 2 5507
826.62710379 2 4169
827.22138744 9 13570
827.464087722 2 2398
827.68609784 3 4744
828.313192508 6 7297
828.367216946 6 5872
828.587237849 2 6303
828.971931588 2 592
829.912460278 6 12243
830.672719806 9 11773
832.282083467 5 7972
832.418012686 8 178
832.431466642 2 8420
832.614758231 0 10348
832.657330599 0 1324
833.560242398 9 5117
833.678429296 5 13159
833.786037919 5 7973
833.935381404 5 12319
834.212100494 5 11844
834.242406681 1 1854
834.962321192 0 6484
835.282120941 9 6763
836.213585281 3 5909
836.665938271 5 10324
837.822947513 5 2929
838.352741104 9 7012
839.147393935 1 4006
839.241421971 2 13455
839.582339431 9 12406
841.951397599 9 2795
843.619643215 3 914
844.403197995 6 3198
844.60484444 3 12147
844.911601957 0 12024
845.657626182 0 4153
845.907840286 9 902
846.50143105 4 2866
846.936462528 1 6799
847.239013309 1 6324
847.597757758 8 2953
847.820048359 5 11835
855.667208795 7 11591
856.310130694 8 10343
856.786743616 0 13324
858.132901419 7 7994
858.718089962 8 1690
858.778180032 7 4584
859.325846849 6 13735
859.345858492 7 3921
859.829868659 5 4051
860.004643748 8 6058
860.777666468 0 9189
860.861989862 4 3351
860.942458434 2 13645
861.363469056 0 8627
861.778416888 3 2595
861.79110079 8 6007
861.828131403 2 7408
862.168949179 4 3164
862.357521795 9 5491
862.4221758 2 13113
862.635513616 5 6091
864.222572477 4 4915
864.766837853 9 6070
864.881599457 2 5508
865.62710379 2 4170
866.22138744 9 13571
866.464087722 2 2399
866.68609784 3 4745
867.313192508 6 7298
867.367216946 6 5873
867.587237849 2 6304
868.912460278 6 12244
871.282083467 5 7973
871.418012686 8 179
871.431466642 2 8421
871.614758231 0 10349
871.657330599 0 1325
872.560242398 9 5118
872.678429296 5 13160
872.786037919 5 7974
872.935381404 5 12320
873.212100494 5 11845
873.242406681 1 1855
873.962321192 0 6485
874.282120941 9 6764
875.213585281 3 5910
875.665938271 5 10325
876.822947513 5 2930
877.352741104 9 7013
878.147393935 1 4007
878.241421971 2 13456
878.582339431 9 12407
880.951397599 9 2796
882.619643215 3 915
883.403197995 6 3199
883.60484444 3 12148
883.911601957 0 12025
884.657626182 0 4154
884.907840286 9 903
885.50143105 4 2867
885.936462528 1 6800
886.239013309 1 6325
886.597757758 8 2954
886.820048359 5 11836
894.667208795 7 11592
895.310130694 8 10344
895.786743616 0 13325
897.132901419 7 7995
897.718089962 8 1691
897.778180032 7 4585
898.325846849 6 13736
898.345858492 7 3922
898.829868659 5 4052
899.004643748 8 6059
899.777666468 0 9190
899.861989862 4 3352
899.942458434 2 13646
900.363469056 0 8628
900.778416888 3 2596
900.79110079 8 6008
900.828131403 2 7409
901.168949179 4 3165
901.357521795 9 5492
901.4221758 2 13114
901.635513616 5 6092
903.222572477 4 4916
903.766837853 9 6071
903.881599457 2 5509
904.62710379 2 4171
905.22138744 9 13572
905.464087722 2 2400
905.68609784 3 4746
906.313192508 6 7299
906.367216946 6 5874
906.587237849 2 6305
907.912460278 6 12245
910.282083467 5 7974
910.418012686 8 180
910.431466642 2 8422
910.614758231 0 10350
910.657330599 0 1326
911.560242398 9 5119
911.678429296 5 13161
911.786037919 5 7975
911.935381404 5 12321
912.212100494 5 11846
912.242406681 1 1856
912.962321192 0 6486
913.282120941 9 6765
914.213585281 3 5911
914.665938271 5 10326
915.822947513 5 2931
916.352741104 9 7014
917.147393935 1 4008
917.241421971 2 13457
917.582339431 9 12408
919.951397599 9 2797
921.619643215 3 916
922.403197995 6 3200
922.60484444 3 12149
922.911601957 0 12026
923.657626182 0 4155
923.907840286 9 904
924.50143105 4 2868
924.936462528 1 6801
925.239013309 1 6326
925.597757758 8 2955
925.820048359 5 11837
933.667208795 7 11593
934.310130694 8 10345
934.786743616 0 13326
936.132901419 7 7996
936.718089962 8 1692
936.778180032 7 4586
937.325846849 6 13737
937.345858492 7 3923
937.829868659 5 4053
938.004643748 8 6060
938.777666468 0 9191
938.861989862 4 3353
939.363469056 0 8629
939.778416888 3 2597
939.79110079 8 6009
939.828131403 2 7410
940.168949179 4 3166
940.357521795 9 5493
940.4221758 2 13115
940.635513616 5 6093
942.222572477 4 4917
942.766837853 9 6072
942.881599457 2 5510
943.62710379 2 4172
944.22138744 9 13573
944.464087722 2 2401
944.68609784 3 4747
945.313192508 6 7300
945.367216946 6 5875
945.587237849 2 6306
946.912460278 6 12246
949.282083467 5 7975
949.418012686 8 181
949.431466642 2 8423
949.614758231 0 10351
949.657330599 0 1327
950.560242398 9 5120
950.678429296 5 13162
950.786037919 5 7976
950.935381404 5 12322
951.212100494 5 11847
951.242406681 1 1857
951.962321192 0 6487
952.282120941 9 6766
953.213585281 3 5912
953.665938271 5 10327
955.352741104 9 7015
956.147393935 1 4009
956.241421971 2 13458
956.582339431 9 12409
958.951397599 9 2798
960.619643215 3 917
961.403197995 6 3201
961.60484444 3 12150
961.911601957 0 12027
962.657626182 0 4156
962.907840286 9 905
963.50143105 4 2869
963.936462528 1 6802
964.239013309 1 6327
964.597757758 8 2956
964.820048359 5 11838
972.667208795 7 11594
973.310130694 8 10346
973.786743616 0 13327
975.132901419 7 7997
975.718089962 8 1693
975.778180032 7 4587
976.325846849 6 13738
976.345858492 7 3924
976.829868659 5 4054
977.004643748 8 6061
977.777666468 0 9192
977.861989862 4 3354
978.363469056 0 8630
978.778416888 3 2598
978.79110079 8 6010
978.828131403 2 7411
979.168949179 4 3167
979.357521795 9 5494
979.4221758 2 13116
979.635513616 5 6094
981.222572477 4 4918
981.766837853 9 6073
981.881599457 2 5511
982.62710379 2 4173
983.22138744 9 13574
983.464087722 2 2402
984.313192508 6 7301
984.367216946 6 5876
984.587237849 2 6307
985.912460278 6 12247
988.282083467 5 7976
988.418012686 8 182
988.431466642 2 8424
988.657330599 0 1328
989.560242398 9 5121
989.678429296 5 13163
989.786037919 5 7977
989.935381404 5 12323
990.212100494 5 11848
990.242406681 1 1858
990.962321192 0 6488
991.282120941 9 6767
992.213585281 3 5913
992.665938271 5 10328
994.352741104 9 7016
995.147393935 1 4010
995.241421971 2 13459
995.582339431 9 12410
997.951397599 9 2799
999.619643215 3 918
1000.40319799 6 3202
1000.60484444 3 12151
1000.91160196 0 12028
1001.65762618 0 4157
1001.90784029 9 906
1002.50143105 4 2870
1002.93646253 1 6803
1003.23901331 1 6328
1003.59775776 8 2957
1003.82004836 5 11839
1011.6672088 7 11595
1012.31013069 8 10347
1012.78674362 0 13328
1014.13290142 7 7998
1014.71808996 8 1694
1014.77818003 7 4588
1015.32584685 6 13739
1015.34585849 7 3925
1015.82986866 5 4055
1016.00464375 8 6062
1016.77766647 0 9193
1016.86198986 4 3355
1017.36346906 0 8631
1017.77841689 3 2599
1017.79110079 8 6011
1017.8281314 2 7412
1018.16894918 4 3168
1018.3575218 9 5495
1018.4221758 2 13117
1018.63551362 5 6095
1020.22257248 4 4919
1020.76683785 9 6074
1020.88159946 2 5512
1021.62710379 2 4174
1022.22138744 9 13575
1022.46408772 2 2403
1023.31319251 6 7302
1023.36721695 6 5877
1023.58723785 2 6308
1024.91246028 6 12248
1027.28208347 5 7977
1027.41801269 8 183
1027.43146664 2 8425
1027.6573306 0 1329
1028.5602424 9 5122
1028.6784293 5 13164
1028.78603792 5 7978
1028.9353814 5 12324
1029.21210049 5 11849
1029.24240668 1 1859
1029.96232119 0 6489
1030.28212094 9 6768
1031.21358528 3 5914
1031.66593827 5 10329
1033.3527411 9 7017
1034.14739394 1 4011
1034.58233943 9 12411
1038.61964321 3 919
1039.40319799 6 3203
1039.60484444 3 12152
1039.91160196 0 12029
1040.65762618 0 4158
1040.90784029 9 907
1041.50143105 4 2871
1041.93646253 1 6804
1042.23901331 1 6329
1042.59775776 8 2958
1042.82004836 5 11840
1050.6672088 7 11596
1051.31013069 8 10348
1051.78674362 0 13329
1053.13290142 7 7999
1053.71808996 8 1695
1053.77818003 7 4589
1054.32584685 6 13740
1054.34585849 7 3926
1054.82986866 5 4056
1055.00464375 8 6063
1055.77766647 0 9194
1055.86198986 4 3356
1056.36346906 0 8632
1056.77841689 3 2600
1056.79110079 8 6012
1056.8281314 2 7413
1057.16894918 4 3169
1057.3575218 9 5496
1057.4221758 2 13118
1057.63551362 5 6096
1059.22257248 4 4920
1059.76683785 9 6075
1059.88159946 2 5513
1060.62710379 2 4175
1061.22138744 9 13576
1061.46408772 2 2404
1062.31319251 6 7303
1062.36721695 6 5878
1062.58723785 2 6309
1063.91246028 6 12249
1066.28208347 5 7978
1066.41801269 8 184
1066.43146664 2 8426
1066.6573306 0 1330
1067.5602424 9 5123
1067.6784293 5 13165
1067.78603792 5 7979
1067.9353814 5 12325
1068.21210049 5 11850
1068.24240668 1 1860
1068.96232119 0 6490
1069.28212094 9 6769
1070.21358528 3 5915
1070.66593827 5 10330
1073.14739394 1 4012
1073.58233943 9 12412
1077.61964321 3 920
1078.60484444 3 12153
1078.91160196 0 12030
1079.65762618 0 4159
1079.90784029 9 908
1080.50143105 4 2872
1080.93646253 1 6805
1081.23901331 1 6330
1081.59775776 8 2959
1081.82004836 5 11841
1089.6672088 7 11597
1090.31013069 8 10349
1090.78674362 0 13330
1092.13290142 7 8000
1092.71808996 8 1696
1092.77818003 7 4590
1093.32584685 6 13741
1093.34585849 7 3927
1093.82986866 5 4057
1094.00464375 8 6064
1094.77766647 0 9195
1094.86198986 4 3357
1095.36346906 0 8633
1095.77841689 3 2601
1095.79110079 8 6013
1095.8281314 2 7414
1096.16894918 4 3170
1096.3575218 9 5497
1096.4221758 2 13119
1096.63551362 5 6097
1098.22257248 4 4921
1098.76683785 9 6076
1098.88159946 2 5514
1099.62710379 2 4176
1100.22138744 9 13577
1100.46408772 2 2405
1101.31319251 6 7304
1101.36721695 6 5879
1101.58723785 2 6310
1102.91246028 6 12250
1105.28208347 5 7979
1105.41801269 8 185
1105.43146664 2 8427
1105.6573306 0 1331
1106.5602424 9 5124
1106.78603792 5 7980
1107.21210049 5 11851
1107.24240668 1 1861
1107.96232119 0 6491
1108.28212094 9 6770
1109.21358528 3 5916
1112.14739394 1 4013
1112.58233943 9 12413
1116.61964321 3 921
1117.60484444 3 12154
1117.91160196 0 12031
1118.65762618 0 4160
1118.90784029 9 909
1119.50143105 4 2873
1119.93646253 1 6806
1120.23901331 1 6331
1120.59775776 8 2960
1120.82004836 5 11842
1128.6672088 7 11598
1129.31013069 8 10350
1129.78674362 0 13331
1131.13290142 7 8001
1131.71808996 8 1697
1131.77818003 7 4591
1132.32584685 6 13742
1132.34585849 7 3928
1132.82986866 5 4058
1133.00464375 8 6065
1133.77766647 0 9196
1133.86198986 4 3358
1134.36346906 0 8634
1134.77841689 3 2602
1134.79110079 8 6014
1134.8281314 2 7415
1135.16894918 4 3171
1135.3575218 9 5498
1135.4221758 2 13120
1135.63551362 5 6098
1137.22257248 4 4922
1137.76683785 9 6077
1137.88159946 2 5515
1138.62710379 2 4177
1139.22138744 9 13578
1139.46408772 2 2406
1140.31319251 6 7305
1140.36721695 6 5880
1140.58723785 2 6311
1141.91246028 6 12251
1144.28208347 5 7980
1144.41801269 8 186
1144.43146664 2 8428
1144.6573306 0 1332
1145.5602424 9 5125
1145.78603792 5 7981
1146.21210049 5 11852
1146.96232119 0 6492
1147.28212094 9 6771
1148.21358528 3 5917
1151.14739394 1 4014
1151.58233943 9 12414
1156.60484444 3 12155
1156.91160196 0 12032
1157.65762618 0 4161
1157.90784029 9 910
1158.50143105 4 2874
1158.93646253 1 6807
1159.23901331 1 6332
1159.59775776 8 2961
1159.82004836 5 11843
1167.6672088 7 11599
1168.31013069 8 10351
1168.78674362 0 13332
1170.13290142 7 8002
1170.71808996 8 1698
1170.77818003 7 4592
1171.32584685 6 13743
1171.34585849 7 3929
1171.82986866 5 4059
1172.00464375 8 6066
1172.77766647 0 9197
1172.86198986 4 3359
1173.36346906 0 8635
1173.77841689 3 2603
1173.79110079 8 6015
1173.8281314 2 7416
1174.16894918 4 3172
1174.3575218 9 5499
1174.4221758 2 13121
1174.63551362 5 6099
1176.22257248 4 4923
1176.76683785 9 6078
1176.88159946 2 5516
1177.62710379 2 4178
1178.22138744 9 13579
1178.46408772 2 2407
1179.31319251 6 7306
1179.36721695 6 5881
1179.58723785 2 6312
1180.91246028 6 12252
1183.28208347 5 7981
1183.41801269 8 187
1183.43146664 2 8429
1183.6573306 0 1333
1184.5602424 9 5126
1184.78603792 5 7982
1185.21210049 5 11853
1185.96232119 0 6493
1186.28212094 9 6772
1187.21358528 3 5918
1190.14739394 1 4015
1190.58233943 9 12415
1195.60484444 3 12156
1195.91160196 0 12033
1196.65762618 0 4162
1196.90784029 9 911
1197.50143105 4 2875
1197.93646253 1 6808
1198.23901331 1 6333
1198.59775776 8 2962
1198.82004836 5 11844
1206.6672088 7 11600
1207.31013069 8 10352
1207.78674362 0 13333
1209.13290142 7 8003
1209.71808996 8 1699
1209.77818003 7 4593
1210.32584685 6 13744
1210.34585849 7 3930
1210.82986866 5 4060
1211.00464375 8 6067
1211.77766647 0 9198
1211.86198986 4 3360
1212.36346906 0 8636
1212.77841689 3 2604
1212.79110079 8 6016
1212.8281314 2 7417
1213.16894918 4 3173
1213.3575218 9 5500
1213.4221758 2 13122
1213.63551362 5 6100
1215.22257248 4 4924
1215.76683785 9 6079
1215.88159946 2 5517
1216.62710379 2 4179
1217.22138744 9 13580
1217.46408772 2 2408
1218.31319251 6 7307
1218.36721695 6 5882
1218.58723785 2 6313
1219.91246028 6 12253
1222.28208347 5 7982
1222.41801269 8 188
1222.6573306 0 1334
1223.5602424 9 5127
1223.78603792 5 7983
1224.21210049 5 11854
1224.96232119 0 6494
1225.28212094 9 6773
1226.21358528 3 5919
1229.14739394 1 4016
1229.58233943 9 12416
1234.60484444 3 12157
1234.91160196 0 12034
1235.65762618 0 4163
1235.90784029 9 912
1236.50143105 4 2876
1236.93646253 1 6809
1237.23901331 1 6334
1237.59775776 8 2963
1237.82004836 5 11845
1245.6672088 7 11601
1246.31013069 8 10353
1246.78674362 0 13334
1248.13290142 7 8004
1248.71808996 8 1700
1248.77818003 7 4594
1249.32584685 6 13745
1249.34585849 7 3931
1249.82986866 5 4061
1250.00464375 8 6068
1250.86198986 4 3361
1251.36346906 0 8637
1251.77841689 3 2605
1251.79110079 8 6017
1251.8281314 2 7418
1252.16894918 4 3174
1252.3575218 9 5501
1252.4221758 2 13123
1252.63551362 5 6101
1254.22257248 4 4925
1254.76683785 9 6080
1254.88159946 2 5518
1255.62710379 2 4180
1256.22138744 9 13581
1256.46408772 2 2409
1257.31319251 6 7308
1257.36721695 6 5883
1257.58723785 2 6314
1258.91246028 6 12254
1261.28208347 5 7983
1261.41801269 8 189
1261.6573306 0 1335
1262.5602424 9 5128
1262.78603792 5 7984
1263.21210049 5 11855
1263.96232119 0 6495
1264.28212094 9 6774
1265.21358528 3 5920
1268.14739394 1 4017
1268.58233943 9 12417
1273.60484444 3 12158
1273.91160196 0 12035
1274.65762618 0 4164
1274.90784029 9 913
1275.50143105 4 2877
1275.93646253 1 6810
1276.23901331 1 6335
1276.59775776 8 2964
1276.82004836 5 11846
1284.6672088 7 11602
1285.31013069 8 10354
1287.13290142 7 8005
1287.71808996 8 1701
1287.77818003 7 4595
1288.32584685 6 13746
1288.34585849 7 3932
1288.82986866 5 4062
1289.00464375 8 6069
1289.86198986 4 3362
1290.36346906 0 8638
1290.77841689 3 2606
1290.79110079 8 6018
1290.8281314 2 7419
1291.16894918 4 3175
1291.3575218 9 5502
1291.4221758 2 13124
1291.63551362 5 6102
1293.22257248 4 4926
1293.76683785 9 6081
1293.88159946 2 5519
1294.62710379 2 4181
1295.22138744 9 13582
1295.46408772 2 2410
1296.31319251 6 7309
1296.36721695 6 5884
1296.58723785 2 6315
1297.91246028 6 12255
1300.28208347 5 7984
1300.41801269 8 190
1300.6573306 0 1336
1301.5602424 9 5129
1301.78603792 5 7985
1302.21210049 5 11856
1302.96232119 0 6496
1303.28212094 9 6775
1304.21358528 3 5921
1307.14739394 1 4018
1307.58233943 9 12418
1312.60484444 3 12159
1312.91160196 0 12036
1313.65762618 0 4165
1313.90784029 9 914
1314.50143105 4 2878
1314.93646253 1 6811
1315.23901331 1 6336
1315.59775776 8 2965
1315.82004836 5 11847
1323.6672088 7 11603
1326.13290142 7 8006
1326.71808996 8 1702
1326.77818003 7 4596
1327.32584685 6 13747
1327.34585849 7 3933
1327.82986866 5 4063
1328.00464375 8 6070
1328.86198986 4 3363
1329.36346906 0 8639
1329.77841689 3 2607
1329.79110079 8 6019
1329.8281314 2 7420
1330.16894918 4 3176
1330.3575218 9 5503
1330.4221758 2 13125
1330.63551362 5 6103
1332.22257248 4 4927
1332.76683785 9 6082
1332.88159946 2 5520
1333.62710379 2 4182
1334.22138744 9 13583
1334.46408772 2 2411
1335.31319251 6 7310
1335.36721695 6 5885
1335.58723785 2 6316
1336.91246028 6 12256
1339.28208347 5 7985
1339.41801269 8 191
1339.6573306 0 1337
1340.5602424 9 5130
1340.78603792 5 7986
1341.21210049 5 11857
1341.96232119 0 6497
1342.28212094 9 6776
1343.21358528 3 5922
1346.14739394 1 4019
1346.58233943 9 12419
1351.60484444 3 12160
1351.91160196 0 12037
1352.65762618 0 4166
1352.90784029 9 915
1353.93646253 1 6812
1354.23901331 1 6337
1354.59775776 8 2966
1354.82004836 5 11848
1362.6672088 7 11604
1365.13290142 7 8007
1365.71808996 8 1703
1365.77818003 7 4597
1366.32584685 6 13748
1366.34585849 7 3934
1366.82986866 5 4064
1367.00464375 8 6071
1367.86198986 4 3364
1368.36346906 0 8640
1368.77841689 3 2608
1368.79110079 8 6020
1368.8281314 2 7421
1369.16894918 4 3177
1369.3575218 9 5504
1369.4221758 2 13126
1369.63551362 5 6104
1371.22257248 4 4928
1371.76683785 9 6083
1371.88159946 2 5521
1372.62710379 2 4183
1373.22138744 9 13584
1373.46408772 2 2412
1374.36721695 6 5886
1374.58723785 2 6317
1375.91246028 6 12257
1378.28208347 5 7986
1378.41801269 8 192
1378.6573306 0 1338
1379.5602424 9 5131
1379.78603792 5 7987
1380.21210049 5 11858
1380.96232119 0 6498
1381.28212094 9 6777
1382.21358528 3 5923
1385.14739394 1 4020
1385.58233943 9 12420
1390.60484444 3 12161
1390.91160196 0 12038
1391.65762618 0 4167
1391.90784029 9 916
1392.93646253 1 6813
1393.23901331 1 6338
1393.59775776 8 2967
1393.82004836 5 11849
1401.6672088 7 11605
1404.13290142 7 8008
1404.71808996 8 1704
1404.77818003 7 4598
1405.32584685 6 13749
1405.82986866 5 4065
1406.00464375 8 6072
1406.86198986 4 3365
1407.36346906 0 8641
1407.77841689 3 2609
1407.79110079 8 6021
1407.8281314 2 7422
1408.16894918 4 3178
1408.3575218 9 5505
1408.4221758 2 13127
1408.63551362 5 6105
1410.22257248 4 4929
1410.76683785 9 6084
1410.88159946 2 5522
1411.62710379 2 4184
1412.22138744 9 13585
1412.46408772 2 2413
1413.36721695 6 5887
1413.58723785 2 6318
1414.91246028 6 12258
1417.28208347 5 7987
1417.41801269 8 193
1417.6573306 0 1339
1418.5602424 9 5132
1418.78603792 5 7988
1419.21210049 5 11859
1419.96232119 0 6499
1420.28212094 9 6778
1421.21358528 3 5924
1424.14739394 1 4021
1424.58233943 9 12421
1429.60484444 3 12162
1430.65762618 0 4168
1430.90784029 9 917
1431.93646253 1 6814
1432.23901331 1 6339
1432.82004836 5 11850
1440.6672088 7 11606
1443.13290142 7 8009
1443.71808996 8 1705
1443.77818003 7 4599
1444.32584685 6 13750
1444.82986866 5 4066
1445.00464375 8 6073
1445.86198986 4 3366
1446.36346906 0 8642
1446.77841689 3 2610
1446.79110079 8 6022
1446.8281314 2 7423
1447.16894918 4 3179
1447.3575218 9 5506
1447.4221758 2 13128
1447.63551362 5 6106
1449.22257248 4 4930
1449.76683785 9 6085
1449.88159946 2 5523
1450.62710379 2 4185
1451.46408772 2 2414
1452.36721695 6 5888
1452.58723785 2 6319
1453.91246028 6 12259
1456.28208347 5 7988
1456.41801269 8 194
1456.6573306 0 1340
1457.5602424 9 5133
1457.78603792 5 7989
1458.21210049 5 11860
1458.96232119 0 6500
1459.28212094 9 6779
1460.21358528 3 5925
1463.14739394 1 4022
1463.58233943 9 12422
1468.60484444 3 12163
1469.65762618 0 4169
1469.90784029 9 918
1470.93646253 1 6815
1471.23901331 1 6340
1471.82004836 5 11851
1479.6672088 7 11607
1482.13290142 7 8010
1482.71808996 8 1706
1482.77818003 7 4600
1483.32584685 6 13751
1483.82986866 5 4067
1484.00464375 8 6074
1484.86198986 4 3367
1485.36346906 0 8643
1485.77841689 3 2611
1485.79110079 8 6023
1485.8281314 2 7424
1486.16894918 4 3180
1486.3575218 9 5507
1486.4221758 2 13129
1486.63551362 5 6107
1488.22257248 4 4931
1488.76683785 9 6086
1488.88159946 2 5524
1489.62710379 2 4186
1490.46408772 2 2415
1491.36721695 6 5889
1491.58723785 2 6320
1492.91246028 6 12260
1495.28208347 5 7989
1495.41801269 8 195
1495.6573306 0 1341
1496.5602424 9 5134
1496.78603792 5 7990
1497.21210049 5 11861
1497.96232119 0 6501
1498.28212094 9 6780
1499.21358528 3 5926
1502.14739394 1 4023
1502.58233943 9 12423
1507.60484444 3 12164
1508.65762618 0 4170
1508.90784029 9 919
1509.93646253 1 6816
1510.23901331 1 6341
1510.82004836 5 11852
1518.6672088 7 11608
1521.13290142 7 8011
1521.71808996 8 1707
1521.77818003 7 4601
1522.32584685 6 13752
1522.82986866 5 4068
1523.00464375 8 6075
1523.86198986 4 3368
1524.36346906 0 8644
1524.77841689 3 2612
1524.79110079 8 6024
1524.8281314 2 7425
1525.16894918 4 3181
1525.3575218 9 5508
1525.4221758 2 13130
1525.63551362 5 6108
1527.76683785 9 6087
1527.88159946 2 5525
1528.62710379 2 4187
1529.46408772 2 2416
1530.36721695 6 5890
1530.58723785 2 6321
1531.91246028 6 12261
1534.28208347 5 7990
1534.41801269 8 196
1534.6573306 0 1342
1535.5602424 9 5135
1535.78603792 5 7991
1536.21210049 5 11862
1536.96232119 0 6502
1537.28212094 9 6781
1538.21358528 3 5927
1541.14739394 1 4024
1541.58233943 9 12424
1547.65762618 0 4171
1547.90784029 9 920
1548.93646253 1 6817
1549.23901331 1 6342
1557.6672088 7 11609
1560.13290142 7 8012
1560.71808996 8 1708
1560.77818003 7 4602
1561.32584685 6 13753
1561.82986866 5 4069
1562.00464375 8 6076
1562.86198986 4 3369
1563.36346906 0 8645
1563.77841689 3 2613
1563.79110079 8 6025
1563.8281314 2 7426
1564.16894918 4 3182
1564.3575218 9 5509
1564.4221758 2 13131
1564.63551362 5 6109
1566.76683785 9 6088
1566.88159946 2 5526
1567.62710379 2 4188
1568.46408772 2 2417
1569.36721695 6 5891
1569.58723785 2 6322
1570.91246028 6 12262
1573.28208347 5 7991
1573.41801269 8 197
1574.5602424 9 5136
1574.78603792 5 7992
1575.21210049 5 11863
1575.96232119 0 6503
1576.28212094 9 6782
1577.21358528 3 5928
1580.14739394 1 4025
1580.58233943 9 12425
1586.65762618 0 4172
1586.90784029 9 921
1587.93646253 1 6818
1588.23901331 1 6343
1596.6672088 7 11610
1599.13290142 7 8013
1599.71808996 8 1709
1599.77818003 7 4603
1600.32584685 6 13754
1600.82986866 5 4070
1601.00464375 8 6077
1601.86198986 4 3370
1602.36346906 0 8646
1602.77841689 3 2614
1602.79110079 8 6026
1602.8281314 2 7427
1603.16894918 4 3183
1603.3575218 9 5510
1603.4221758 2 13132
1603.63551362 5 6110
1605.76683785 9 6089
1605.88159946 2 5527
1606.62710379 2 4189
1607.46408772 2 2418
1608.36721695 6 5892
1608.58723785 2 6323
1609.91246028 6 12263
1612.28208347 5 7992
1612.41801269 8 198
1613.5602424 9 5137
1613.78603792 5 7993
1614.21210049 5 11864
1614.96232119 0 6504
1615.28212094 9 6783
1616.21358528 3 5929
1619.14739394 1 4026
1619.58233943 9 12426
1625.65762618 0 4173
1625.90784029 9 922
1626.93646253 1 6819
1627.23901331 1 6344
1635.6672088 7 11611
1638.13290142 7 8014
1638.71808996 8 1710
1638.77818003 7 4604
1639.32584685 6 13755
1639.82986866 5 4071
1640.00464375 8 6078
1640.86198986 4 3371
1641.36346906 0 8647
1641.77841689 3 2615
1641.79110079 8 6027
1641.8281314 2 7428
1642.16894918 4 3184
1642.3575218 9 5511
1642.4221758 2 13133
1642.63551362 5 6111
1644.76683785 9 6090
1644.88159946 2 5528
1645.62710379 2 4190
1646.46408772 2 2419
1647.36721695 6 5893
1647.58723785 2 6324
1648.91246028 6 12264
1651.28208347 5 7993
1651.41801269 8 199
1652.5602424 9 5138
1652.78603792 5 7994
1653.21210049 5 11865
1653.96232119 0 6505
1654.28212094 9 6784
1655.21358528 3 5930
1658.14739394 1 4027
1658.58233943 9 12427
1664.65762618 0 4174
1664.90784029 9 923
1665.93646253 1 6820
1666.23901331 1 6345
1674.6672088 7 11612
1677.13290142 7 8015
1677.71808996 8 1711
1677.77818003 7 4605
1678.32584685 6 13756
1679.00464375 8 6079
1679.86198986 4 3372
1680.36346906 0 8648
1680.77841689 3 2616
1680.79110079 8 6028
1680.8281314 2 7429
1681.16894918 4 3185
1681.3575218 9 5512
1681.4221758 2 13134
1681.63551362 5 6112
1683.76683785 9 6091
1683.88159946 2 5529
1684.62710379 2 4191
1685.46408772 2 2420
1686.36721695 6 5894
1686.58723785 2 6325
1687.91246028 6 12265
1690.28208347 5 7994
1690.41801269 8 200
1691.5602424 9 5139
1691.78603792 5 7995
1692.21210049 5 11866
1692.96232119 0 6506
1693.28212094 9 6785
1694.21358528 3 5931
1697.14739394 1 4028
1697.58233943 9 12428
1703.65762618 0 4175
1703.90784029 9 924
1704.93646253 1 6821
1705.23901331 1 6346
1713.6672088 7 11613
1716.13290142 7 8016
1716.71808996 8 1712
1716.77818003 7 4606
1718.00464375 8 6080
1718.86198986 4 3373
1719.36346906 0 8649
1719.77841689 3 2617
1719.79110079 8 6029
1719.8281314 2 7430
1720.16894918 4 3186
1720.3575218 9 5513
1720.4221758 2 13135
1720.63551362 5 6113
1722.76683785 9 6092
1722.88159946 2 5530
1723.62710379 2 4192
1724.46408772 2 2421
1725.36721695 6 5895
1725.58723785 2 6326
1726.91246028 6 12266
1729.28208347 5 7995
1729.41801269 8 201
1730.5602424 9 5140
1730.78603792 5 7996
1731.21210049 5 11867
1731.96232119 0 6507
1732.28212094 9 6786
1733.21358528 3 5932
1736.14739394 1 4029
1736.58233943 9 12429
1742.65762618 0 4176
1742.90784029 9 925
1743.93646253 1 6822
1744.23901331 1 6347
1752.6672088 7 11614
1755.13290142 7 8017
1755.71808996 8 1713
1755.77818003 7 4607
1757.00464375 8 6081
1757.86198986 4 3374
1758.36346906 0 8650
1758.77841689 3 2618
1758.79110079 8 6030
1758.8281314 2 7431
1759.16894918 4 3187
1759.3575218 9 5514
1759.4221758 2 13136
1761.76683785 9 6093
1761.88159946 2 5531
1762.62710379 2 4193
1763.46408772 2 2422
1764.36721695 6 5896
1764.58723785 2 6327
1765.91246028 6 12267
1768.28208347 5 7996
1768.41801269 8 202
1769.5602424 9 5141
1769.78603792 5 7997
1770.21210049 5 11868
1770.96232119 0 6508
1771.28212094 9 6787
1772.21358528 3 5933
1775.14739394 1 4030
1775.58233943 9 12430
1781.65762618 0 4177
1781.90784029 9 926
1782.93646253 1 6823
1783.23901331 1 6348
1791.6672088 7 11615
1794.13290142 7 8018
1794.71808996 8 1714
1794.77818003 7 4608
1796.00464375 8 6082
1796.86198986 4 3375
1797.36346906 0 8651
1797.77841689 3 2619
1797.79110079 8 6031
1797.8281314 2 7432
1798.3575218 9 5515
1798.4221758 2 13137
1800.76683785 9 6094
1800.88159946 2 5532
1801.62710379 2 4194
1802.46408772 2 2423
1803.36721695 6 5897
1803.58723785 2 6328
1804.91246028 6 12268
1807.28208347 5 7997
1807.41801269 8 203
1808.5602424 9 5142
1808.78603792 5 7998
1809.21210049 5 11869
1809.96232119 0 6509
1810.28212094 9 6788
1811.21358528 3 5934
1814.14739394 1 4031
1814.58233943 9 12431
1820.65762618 0 4178
1820.90784029 9 927
1821.93646253 1 6824
1822.23901331 1 6349
1830.6672088 7 11616
1833.13290142 7 8019
1833.71808996 8 1715
1833.77818003 7 4609
1835.00464375 8 6083
1835.86198986 4 3376
1836.36346906 0 8652
1836.77841689 3 2620
1836.79110079 8 6032
1836.8281314 2 7433
1837.3575218 9 5516
1837.4221758 2 13138
1839.76683785 9 6095
1839.88159946 2 5533
1840.62710379 2 4195
1841.46408772 2 2424
1842.36721695 6 5898
1842.58723785 2 6329
1843.91246028 6 12269
1846.28208347 5 7998
1846.41801269 8 204
1847.5602424 9 5143
1847.78603792 5 7999
1848.21210049 5 11870
1848.96232119 0 6510
1849.28212094 9 6789
1850.21358528 3 5935
1853.14739394 1 4032
1853.58233943 9 12432
1859.65762618 0 4179
1859.90784029 9 928
1860.93646253 1 6825
1861.23901331 1 6350
1869.6672088 7 11617
1872.13290142 7 8020
1872.71808996 8 1716
1872.77818003 7 4610
1874.00464375 8 6084
1874.86198986 4 3377
1875.36346906 0 8653
1875.77841689 3 2621
1875.79110079 8 6033
1875.8281314 2 7434
1876.3575218 9 5517
1876.4221758 2 13139
1878.76683785 9 6096
1878.88159946 2 5534
1879.62710379 2 4196
1880.46408772 2 2425
1881.36721695 6 5899
1881.58723785 2 6330
1882.91246028 6 12270
1885.28208347 5 7999
1885.41801269 8 205
1886.5602424 9 5144
1886.78603792 5 8000
1887.21210049 5 11871
1887.96232119 0 6511
1888.28212094 9 6790
1889.21358528 3 5936
1892.14739394 1 4033
1892.58233943 9 12433
1898.65762618 0 4180
1898.90784029 9 929
1899.93646253 1 6826
1900.23901331 1 6351
1908.6672088 7 11618
1911.13290142 7 8021
1911.71808996 8 1717
1911.77818003 7 4611
1913.00464375 8 6085
1913.86198986 4 3378
1914.36346906 0 8654
1914.77841689 3 2622
1914.79110079 8 6034
1914.8281314 2 7435
1915.3575218 9 5518
1915.4221758 2 13140
1917.76683785 9 6097
1917.88159946 2 5535
1918.62710379 2 4197
1919.46408772 2 2426
1920.36721695 6 5900
1921.91246028 6 12271
1924.41801269 8 206
1925.5602424 9 5145
1925.78603792 5 8001
1926.21210049 5 11872
1926.96232119 0 6512
1927.28212094 9 6791
1928.21358528 3 5937
1931.14739394 1 4034
1931.58233943 9 12434
1937.65762618 0 4181
1937.90784029 9 930
1939.23901331 1 6352
1947.6672088 7 11619
1950.13290142 7 8022
1950.71808996 8 1718
1950.77818003 7 4612
1952.00464375 8 6086
1952.86198986 4 3379
1953.36346906 0 8655
1953.77841689 3 2623
1953.79110079 8 6035
1953.8281314 2 7436
1954.3575218 9 5519
1954.4221758 2 13141
1956.76683785 9 6098
1956.88159946 2 5536
1957.62710379 2 4198
1958.46408772 2 2427
1959.36721695 6 5901
1960.91246028 6 12272
1963.41801269 8 207
1964.5602424 9 5146
1964.78603792 5 8002
1965.21210049 5 11873
1965.96232119 0 6513
1966.28212094 9 6792
1967.21358528 3 5938
1970.14739394 1 4035
1970.58233943 9 12435
1976.65762618 0 4182
1976.90784029 9 931
1978.23901331 1 6353
1986.6672088 7 11620
1989.13290142 7 8023
1989.71808996 8 1719
1989.77818003 7 4613
1991.00464375 8 6087
1991.86198986 4 3380
1992.36346906 0 8656
1992.77841689 3 2624
1992.79110079 8 6036
1992.8281314 2 7437
1993.3575218 9 5520
1993.4221758 2 13142
1995.88159946 2 5537
1996.62710379 2 4199
1997.46408772 2 2428
1998.36721695 6 5902
1999.91246028 6 12273
2002.41801269 8 208
2003.78603792 5 8003
2004.21210049 5 11874
2004.96232119 0 6514
2005.28212094 9 6793
2006.21358528 3 5939
2009.14739394 1 4036
2009.58233943 9 12436
2015.65762618 0 4183
2015.90784029 9 932
2017.23901331 1 6354
2025.6672088 7 11621
2028.13290142 7 8024
2028.71808996 8 1720
2028.77818003 7 4614
2030.00464375 8 6088
2030.86198986 4 3381
2031.36346906 0 8657
2031.77841689 3 2625
2031.79110079 8 6037
2031.8281314 2 7438
2032.3575218 9 5521
2032.4221758 2 13143
2034.88159946 2 5538
2035.62710379 2 4200
2036.46408772 2 2429
2037.36721695 6 5903
2038.91246028 6 12274
2041.41801269 8 209
2042.78603792 5 8004
2043.21210049 5 11875
2043.96232119 0 6515
2044.28212094 9 6794
2045.21358528 3 5940
2048.14739394 1 4037
2048.58233943 9 12437
2054.65762618 0 4184
2054.90784029 9 933
2056.23901331 1 6355
2064.6672088 7 11622
2067.13290142 7 8025
2067.71808996 8 1721
2069.00464375 8 6089
2069.86198986 4 3382
2070.36346906 0 8658
2070.77841689 3 2626
2070.79110079 8 6038
2070.8281314 2 7439
2071.3575218 9 5522
2071.4221758 2 13144
2073.88159946 2 5539
2074.62710379 2 4201
2075.46408772 2 2430
2076.36721695 6 5904
2080.41801269 8 210
2081.78603792 5 8005
2082.21210049 5 11876
2082.96232119 0 6516
2083.28212094 9 6795
2084.21358528 3 5941
2087.14739394 1 4038
2087.58233943 9 12438
2093.65762618 0 4185
2093.90784029 9 934
2095.23901331 1 6356
2103.6672088 7 11623
2106.13290142 7 8026
2106.71808996 8 1722
2108.00464375 8 6090
2108.86198986 4 3383
2109.36346906 0 8659
2109.77841689 3 2627
2109.79110079 8 6039
2109.8281314 2 7440
2110.3575218 9 5523
2110.4221758 2 13145
2112.88159946 2 5540
2113.62710379 2 4202
2114.46408772 2 2431
2115.36721695 6 5905
2119.41801269 8 211
2120.78603792 5 8006
2121.21210049 5 11877
2121.96232119 0 6517
2122.28212094 9 6796
2123.21358528 3 5942
2126.14739394 1 4039
2126.58233943 9 12439
2132.65762618 0 4186
2132.90784029 9 935
2134.23901331 1 6357
2142.6672088 7 11624
2145.13290142 7 8027
2145.71808996 8 1723
2147.00464375 8 6091
2147.86198986 4 3384
2148.36346906 0 8660
2148.77841689 3 2628
2148.79110079 8 6040
2148.8281314 2 7441
2149.3575218 9 5524
2149.4221758 2 13146
2151.88159946 2 5541
2152.62710379 2 4203
2153.46408772 2 2432
2154.36721695 6 5906
2158.41801269 8 212
2159.78603792 5 8007
2160.21210049 5 11878
2160.96232119 0 6518
2161.28212094 9 6797
2162.21358528 3 5943
2165.14739394 1 4040
2165.58233943 9 12440
2171.65762618 0 4187
2171.90784029 9 936
2173.23901331 1 6358
2181.6672088 7 11625
2184.13290142 7 8028
2184.71808996 8 1724
2186.00464375 8 6092
2187.36346906 0 8661
2187.77841689 3 2629
2187.79110079 8 6041
2187.8281314 2 7442
2188.3575218 9 5525
2188.4221758 2 13147
2190.88159946 2 5542
2191.62710379 2 4204
2192.46408772 2 2433
2193.36721695 6 5907
2197.41801269 8 213
2198.78603792 5 8008
2199.21210049 5 11879
2199.96232119 0 6519
2200.28212094 9 6798
2201.21358528 3 5944
2204.14739394 1 4041
2204.58233943 9 12441
2210.65762618 0 4188
2210.90784029 9 937
2212.23901331 1 6359
2220.6672088 7 11626
2223.13290142 7 8029
2223.71808996 8 1725
2225.00464375 8 6093
2226.36346906 0 8662
2226.79110079 8 6042
2226.8281314 2 7443
2227.3575218 9 5526
2227.4221758 2 13148
2229.88159946 2 5543
2230.62710379 2 4205
2231.46408772 2 2434
2232.36721695 6 5908
2236.41801269 8 214
2237.78603792 5 8009
2238.21210049 5 11880
2238.96232119 0 6520
2239.28212094 9 6799
2240.21358528 3 5945
2243.14739394 1 4042
2243.58233943 9 12442
2249.65762618 0 4189
2249.90784029 9 938
2251.23901331 1 6360
2259.6672088 7 11627
2262.13290142 7 8030
2262.71808996 8 1726
2264.00464375 8 6094
2265.36346906 0 8663
2265.79110079 8 6043
2265.8281314 2 7444
2266.3575218 9 5527
2266.4221758 2 13149
2268.88159946 2 5544
2269.62710379 2 4206
2270.46408772 2 2435
2271.36721695 6 5909
2275.41801269 8 215
2276.78603792 5 8010
2277.21210049 5 11881
2277.96232119 0 6521
2278.28212094 9 6800
2279.21358528 3 5946
2282.14739394 1 4043
2282.58233943 9 12443
2288.65762618 0 4190
2288.90784029 9 939
2290.23901331 1 6361
2298.6672088 7 11628
2301.13290142 7 8031
2301.71808996 8 1727
2303.00464375 8 6095
2304.36346906 0 8664
2304.79110079 8 6044
2304.8281314 2 7445
2305.3575218 9 5528
2305.4221758 2 13150
2307.88159946 2 5545
2308.62710379 2 4207
2309.46408772 2 2436
2310.36721695 6 5910
2314.41801269 8 216
2315.78603792 5 8011
2316.21210049 5 11882
2316.96232119 0 6522
2317.28212094 9 6801
2318.21358528 3 5947
2321.14739394 1 4044
2321.58233943 9 12444
2327.65762618 0 4191
2327.90784029 9 940
2329.23901331 1 6362
2340.13290142 7 8032
2340.71808996 8 1728
2342.00464375 8 6096
2343.36346906 0 8665
2343.79110079 8 6045
2343.8281314 2 7446
2344.3575218 9 5529
2344.4221758 2 13151
2346.88159946 2 5546
2348.46408772 2 2437
2349.36721695 6 5911
2353.41801269 8 217
2354.78603792 5 8012
2355.21210049 5 11883
2355.96232119 0 6523
2356.28212094 9 6802
2357.21358528 3 5948
2360.14739394 1 4045
2360.58233943 9 12445
2366.65762618 0 4192
2366.90784029 9 941
2379.13290142 7 8033
2379.71808996 8 1729
2381.00464375 8 6097
2382.36346906 0 8666
2382.79110079 8 6046
2382.8281314 2 7447
2383.3575218 9 5530
2383.4221758 2 13152
2385.88159946 2 5547
2387.46408772 2 2438
2388.36721695 6 5912
2392.41801269 8 218
2393.78603792 5 8013
2394.21210049 5 11884
2394.96232119 0 6524
2395.28212094 9 6803
2396.21358528 3 5949
2399.14739394 1 4046
2399.58233943 9 12446
2405.65762618 0 4193
2405.90784029 9 942
2418.13290142 7 8034
2418.71808996 8 1730
2421.36346906 0 8667
2421.79110079 8 6047
2421.8281314 2 7448
2422.3575218 9 5531
2422.4221758 2 13153
2424.88159946 2 5548
2426.46408772 2 2439
2427.36721695 6 5913
2431.41801269 8 219
2432.78603792 5 8014
2433.21210049 5 11885
2433.96232119 0 6525
2434.28212094 9 6804
2435.21358528 3 5950
2438.14739394 1 4047
2438.58233943 9 12447
2444.65762618 0 4194
2444.90784029 9 943
2457.13290142 7 8035
2457.71808996 8 1731
2460.36346906 0 8668
2460.79110079 8 6048
2460.8281314 2 7449
2461.3575218 9 5532
2461.4221758 2 13154
2463.88159946 2 5549
2465.46408772 2 2440
2466.36721695 6 5914
2470.41801269 8 220
2471.78603792 5 8015
2472.21210049 5 11886
2472.96232119 0 6526
2473.28212094 9 6805
2474.21358528 3 5951
2477.14739394 1 4048
2477.58233943 9 12448
2483.65762618 0 4195
2496.13290142 7 8036
2496.71808996 8 1732
2499.36346906 0 8669
2499.79110079 8 6049
2499.8281314 2 7450
2500.3575218 9 5533
2500.4221758 2 13155
2502.88159946 2 5550
2504.46408772 2 2441
2505.36721695 6 5915
2509.41801269 8 221
2510.78603792 5 8016
2511.21210049 5 11887
2511.96232119 0 6527
2512.28212094 9 6806
2513.21358528 3 5952
2516.14739394 1 4049
2516.58233943 9 12449
2522.65762618 0 4196
2535.13290142 7 8037
2535.71808996 8 1733
2538.36346906 0 8670
2538.79110079 8 6050
2538.8281314 2 7451
2539.3575218 9 5534
2539.4221758 2 13156
2541.88159946 2 5551
2543.46408772 2 2442
2544.36721695 6 5916
2548.41801269 8 222
2549.78603792 5 8017
2550.21210049 5 11888
2550.96232119 0 6528
2551.28212094 9 6807
2552.21358528 3 5953
2555.14739394 1 4050
2555.58233943 9 12450
2561.65762618 0 4197
2574.13290142 7 8038
2574.71808996 8 1734
2577.36346906 0 8671
2577.79110079 8 6051
2577.8281314 2 7452
2578.3575218 9 5535
2578.4221758 2 13157
2580.88159946 2 5552
2582.46408772 2 2443
2583.36721695 6 5917
2587.41801269 8 223
2588.78603792 5 8018
2589.21210049 5 11889
2589.96232119 0 6529
2590.28212094 9 6808
2591.21358528 3 5954
2594.14739394 1 4051
2594.58233943 9 12451
2600.65762618 0 4198
2613.13290142 7 8039
2613.71808996 8 1735
2616.36346906 0 8672
2616.79110079 8 6052
2616.8281314 2 7453
2617.3575218 9 5536
2617.4221758 2 13158
2619.88159946 2 5553
2621.46408772 2 2444
2622.36721695 6 5918
2626.41801269 8 224
2627.78603792 5 8019
2628.21210049 5 11890
2628.96232119 0 6530
2630.21358528 3 5955
2633.14739394 1 4052
2633.58233943 9 12452
2639.65762618 0 4199
2652.13290142 7 8040
2652.71808996 8 1736
2655.36346906 0 8673
2655.79110079 8 6053
2655.8281314 2 7454
2656.3575218 9 5537
2656.4221758 2 13159
2658.88159946 2 5554
2660.46408772 2 2445
2661.36721695 6 5919
2665.41801269 8 225
2666.78603792 5 8020
2667.21210049 5 11891
2669.21358528 3 5956
2672.14739394 1 4053
2672.58233943 9 12453
2678.65762618 0 4200
2691.13290142 7 8041
2691.71808996 8 1737
2694.36346906 0 8674
2694.79110079 8 6054
2694.8281314 2 7455
2695.3575218 9 5538
2695.4221758 2 13160
2697.88159946 2 5555
2699.46408772 2 2446
2700.36721695 6 5920
2704.41801269 8 226
2705.78603792 5 8021
2706.21210049 5 11892
2708.21358528 3 5957
2711.14739394 1 4054
2711.58233943 9 12454
2717.65762618 0 4201
2730.13290142 7 8042
2730.71808996 8 1738
2733.79110079 8 6055
2733.8281314 2 7456
2734.3575218 9 5539
2734.4221758 2 13161
2736.88159946 2 5556
2738.46408772 2 2447
2739.36721695 6 5921
2743.41801269 8 227
2744.78603792 5 8022
2745.21210049 5 11893
2747.21358528 3 5958
2750.14739394 1 4055
2750.58233943 9 12455
2756.65762618 0 4202
2769.13290142 7 8043
2769.71808996 8 1739
2772.79110079 8 6056
2772.8281314 2 7457
2773.3575218 9 5540
2773.4221758 2 13162
2775.88159946 2 5557
2777.46408772 2 2448
2778.36721695 6 5922
2782.41801269 8 228
2783.78603792 5 8023
2784.21210049 5 11894
2786.21358528 3 5959
2789.14739394 1 4056
2789.58233943 9 12456
2795.65762618 0 4203
2808.13290142 7 8044
2808.71808996 8 1740
2811.79110079 8 6057
2811.8281314 2 7458
2812.3575218 9 5541
2812.4221758 2 13163
2814.88159946 2 5558
2816.46408772 2 2449
2817.36721695 6 5923
2821.41801269 8 229
2822.78603792 5 8024
2823.21210049 5 11895
2825.21358528 3 5960
2828.14739394 1 4057
2828.58233943 9 12457
2834.65762618 0 4204
2847.13290142 7 8045
2847.71808996 8 1741
2850.79110079 8 6058
2850.8281314 2 7459
2851.3575218 9 5542
2851.4221758 2 13164
2853.88159946 2 5559
2855.46408772 2 2450
2856.36721695 6 5924
2860.41801269 8 230
2861.78603792 5 8025
2862.21210049 5 11896
2864.21358528 3 5961
2867.14739394 1 4058
2867.58233943 9 12458
2873.65762618 0 4205
2886.71808996 8 1742
2889.79110079 8 6059
2889.8281314 2 7460
2890.3575218 9 5543
2890.4221758 2 13165
2892.88159946 2 5560
2894.46408772 2 2451
2895.36721695 6 5925
2899.41801269 8 231
2900.78603792 5 8026
2901.21210049 5 11897
2903.21358528 3 5962
2906.14739394 1 4059
2906.58233943 9 12459
2912.65762618 0 4206
2925.71808996 8 1743
2928.79110079 8 6060
2928.8281314 2 7461
2929.3575218 9 5544
2929.4221758 2 13166
2931.88159946 2 5561
2933.46408772 2 2452
2934.36721695 6 5926
2938.41801269 8 232
2939.78603792 5 8027
2940.21210049 5 11898
2942.21358528 3 5963
2945.14739394 1 4060
2945.58233943 9 12460
2951.65762618 0 4207
2964.71808996 8 1744
2967.79110079 8 6061
2967.8281314 2 7462
2968.3575218 9 5545
2968.4221758 2 13167
2970.88159946 2 5562
2972.46408772 2 2453
2973.36721695 6 5927
2977.41801269 8 233
2978.78603792 5 8028
2979.21210049 5 11899
2981.21358528 3 5964
2984.14739394 1 4061
2984.58233943 9 12461
2990.65762618 0 4208
3003.71808996 8 1745
3006.79110079 8 6062
3006.8281314 2 7463
3007.3575218 9 5546
3007.4221758 2 13168
3009.88159946 2 5563
3011.46408772 2 2454
3012.36721695 6 5928
3016.41801269 8 234
3017.78603792 5 8029
3018.21210049 5 11900
3023.14739394 1 4062
3023.58233943 9 12462
3029.65762618 0 4209
3042.71808996 8 1746
3045.79110079 8 6063
3045.8281314 2 7464
3046.3575218 9 5547
3046.4221758 2 13169
3048.88159946 2 5564
3050.46408772 2 2455
3051.36721695 6 5929
3055.41801269 8 235
3056.78603792 5 8030
3057.21210049 5 11901
3062.14739394 1 4063
3062.58233943 9 12463
3068.65762618 0 4210
3081.71808996 8 1747
3084.79110079 8 6064
3084.8281314 2 7465
3085.3575218 9 5548
3085.4221758 2 13170
3087.88159946 2 5565
3089.46408772 2 2456
3090.36721695 6 5930
3094.41801269 8 236
3095.78603792 5 8031
3096.21210049 5 11902
3101.14739394 1 4064
3101.58233943 9 12464
3107.65762618 0 4211
3120.71808996 8 1748
3123.79110079 8 6065
3123.8281314 2 7466
3124.3575218 9 5549
3124.4221758 2 13171
3126.88159946 2 5566
3128.46408772 2 2457
3129.36721695 6 5931
3134.78603792 5 8032
3135.21210049 5 11903
3140.14739394 1 4065
3146.65762618 0 4212
3159.71808996 8 1749
3162.79110079 8 6066
3162.8281314 2 7467
3163.3575218 9 5550
3163.4221758 2 13172
3165.88159946 2 5567
3167.46408772 2 2458
3168.36721695 6 5932
3173.78603792 5 8033
3174.21210049 5 11904
3179.14739394 1 4066
3185.65762618 0 4213
3198.71808996 8 1750
3201.79110079 8 6067
3201.8281314 2 7468
3202.3575218 9 5551
3202.4221758 2 13173
3204.88159946 2 5568
3206.46408772 2 2459
3207.36721695 6 5933
3212.78603792 5 8034
3213.21210049 5 11905
3218.14739394 1 4067
3224.65762618 0 4214
3237.71808996 8 1751
3240.79110079 8 6068
3240.8281314 2 7469
3241.3575218 9 5552
3241.4221758 2 13174
3243.88159946 2 5569
3245.46408772 2 2460
3246.36721695 6 5934
3251.78603792 5 8035
3252.21210049 5 11906
3257.14739394 1 4068
3263.65762618 0 4215
3276.71808996 8 1752
3279.79110079 8 6069
3279.8281314 2 7470
3280.3575218 9 5553
3280.4221758 2 13175
3282.88159946 2 5570
3284.46408772 2 2461
3285.36721695 6 5935
3290.78603792 5 8036
3291.21210049 5 11907
3296.14739394 1 4069
3302.65762618 0 4216
3315.71808996 8 1753
3318.79110079 8 6070
3318.8281314 2 7471
3319.3575218 9 5554
3319.4221758 2 13176
3321.88159946 2 5571
3323.46408772 2 2462
3324.36721695 6 5936
3329.78603792 5 8037
3330.21210049 5 11908
3335.14739394 1 4070
3341.65762618 0 4217
3354.71808996 8 1754
3357.79110079 8 6071
3357.8281314 2 7472
3358.3575218 9 5555
3358.4221758 2 13177
3360.88159946 2 5572
3362.46408772 2 2463
3363.36721695 6 5937
3368.78603792 5 8038
3369.21210049 5 11909
3374.14739394 1 4071
3380.65762618 0 4218
3393.71808996 8 1755
3396.79110079 8 6072
3396.8281314 2 7473
3397.3575218 9 5556
3397.4221758 2 13178
3399.88159946 2 5573
3401.46408772 2 2464
3402.36721695 6 5938
3407.78603792 5 8039
3408.21210049 5 11910
3413.14739394 1 4072
3419.65762618 0 4219
3432.71808996 8 1756
3435.79110079 8 6073
3435.8281314 2 7474
3436.3575218 9 5557
3436.4221758 2 13179
3438.88159946 2 5574
3440.46408772 2 2465
3446.78603792 5 8040
3447.21210049 5 11911
3452.14739394 1 4073
3458.65762618 0 4220
3471.71808996 8 1757
3474.79110079 8 6074
3474.8281314 2 7475
3475.3575218 9 5558
3475.4221758 2 13180
3477.88159946 2 5575
3479.46408772 2 2466
3485.78603792 5 8041
3486.21210049 5 11912
3491.14739394 1 4074
3510.71808996 8 1758
3513.79110079 8 6075
3513.8281314 2 7476
3514.3575218 9 5559
3516.88159946 2 5576
3518.46408772 2 2467
3524.78603792 5 8042
3525.21210049 5 11913
3530.14739394 1 4075
3549.71808996 8 1759
3552.79110079 8 6076
3552.8281314 2 7477
3553.3575218 9 5560
3555.88159946 2 5577
3557.46408772 2 2468
3563.78603792 5 8043
3564.21210049 5 11914
3569.14739394 1 4076
3588.71808996 8 1760
3591.79110079 8 6077
3591.8281314 2 7478
3592.3575218 9 5561
3594.88159946 2 5578
3596.46408772 2 2469
3602.78603792 5 8044
3603.21210049 5 11915
3608.14739394 1 4077
3627.71808996 8 1761
3630.79110079 8 6078
3630.8281314 2 7479
3631.3575218 9 5562
3633.88159946 2 5579
3635.46408772 2 2470
3641.78603792 5 8045
3642.21210049 5 11916
3647.14739394 1 4078
3666.71808996 8 1762
3669.79110079 8 6079
3669.8281314 2 7480
3670.3575218 9 5563
3672.88159946 2 5580
3674.46408772 2 2471
3680.78603792 5 8046
3681.21210049 5 11917
3686.14739394 1 4079
3705.71808996 8 1763
3708.79110079 8 6080
3708.8281314 2 7481
3709.3575218 9 5564
3711.88159946 2 5581
3713.46408772 2 2472
3719.78603792 5 8047
3720.21210049 5 11918
3725.14739394 1 4080
3744.71808996 8 1764
3747.79110079 8 6081
3747.8281314 2 7482
3748.3575218 9 5565
3750.88159946 2 5582
3752.46408772 2 2473
3759.21210049 5 11919
3764.14739394 1 4081
3783.71808996 8 1765
3786.79110079 8 6082
3786.8281314 2 7483
3787.3575218 9 5566
3789.88159946 2 5583
3791.46408772 2 2474
3798.21210049 5 11920
3803.14739394 1 4082
3822.71808996 8 1766
3825.79110079 8 6083
3825.8281314 2 7484
3826.3575218 9 5567
3828.88159946 2 5584
3830.46408772 2 2475
3837.21210049 5 11921
3842.14739394 1 4083
3861.71808996 8 1767
3864.79110079 8 6084
3864.8281314 2 7485
3865.3575218 9 5568
3867.88159946 2 5585
3869.46408772 2 2476
3876.21210049 5 11922
3881.14739394 1 4084
3900.71808996 8 1768
3903.79110079 8 6085
3903.8281314 2 7486
3904.3575218 9 5569
3906.88159946 2 5586
3908.46408772 2 2477
3915.21210049 5 11923
3920.14739394 1 4085
3939.71808996 8 1769
3942.79110079 8 6086
3942.8281314 2 7487
3943.3575218 9 5570
3945.88159946 2 5587
3947.46408772 2 2478
3954.21210049 5 11924
3959.14739394 1 4086
3981.79110079 8 6087
3981.8281314 2 7488
3982.3575218 9 5571
3984.88159946 2 5588
3986.46408772 2 2479
3993.21210049 5 11925
3998.14739394 1 4087
4020.79110079 8 6088
4020.8281314 2 7489
4021.3575218 9 5572
4023.88159946 2 5589
4025.46408772 2 2480
4032.21210049 5 11926
4037.14739394 1 4088
4059.79110079 8 6089
4059.8281314 2 7490
4060.3575218 9 5573
4062.88159946 2 5590
4064.46408772 2 2481
4076.14739394 1 4089
4098.79110079 8 6090
4099.3575218 9 5574
4101.88159946 2 5591
4103.46408772 2 2482
4115.14739394 1 4090
4137.79110079 8 6091
4138.3575218 9 5575
4140.88159946 2 5592
4142.46408772 2 2483
4154.14739394 1 4091
4176.79110079 8 6092
4177.3575218 9 5576
4179.88159946 2 5593
4181.46408772 2 2484
4193.14739394 1 4092
4215.79110079 8 6093
4216.3575218 9 5577
4218.88159946 2 5594
4220.46408772 2 2485
4232.14739394 1 4093
4254.79110079 8 6094
4255.3575218 9 5578
4257.88159946 2 5595
4259.46408772 2 2486
4271.14739394 1 4094
4293.79110079 8 6095
4294.3575218 9 5579
4296.88159946 2 5596
4298.46408772 2 2487
4310.14739394 1 4095
4332.79110079 8 6096
4333.3575218 9 5580
4335.88159946 2 5597
4337.46408772 2 2488
4349.14739394 1 4096
4371.79110079 8 6097
4372.3575218 9 5581
4374.88159946 2 5598
4376.46408772 2 2489
4410.79110079 8 6098
4411.3575218 9 5582
4413.88159946 2 5599
4415.46408772 2 2490
4449.79110079 8 6099
4450.3575218 9 5583
4452.88159946 2 5600
4454.46408772 2 2491
4488.79110079 8 6100
4489.3575218 9 5584
4491.88159946 2 5601
4493.46408772 2 2492
4527.79110079 8 6101
4528.3575218 9 5585
4530.88159946 2 5602
4532.46408772 2 2493
4566.79110079 8 6102
4567.3575218 9 5586
4569.88159946 2 5603
4571.46408772 2 2494
4605.79110079 8 6103
4606.3575218 9 5587
4608.88159946 2 5604
4610.46408772 2 2495
4644.79110079 8 6104
4645.3575218 9 5588
4647.88159946 2 5605
4649.46408772 2 2496
4683.79110079 8 6105
4684.3575218 9 5589
4686.88159946 2 5606
4688.46408772 2 2497
4722.79110079 8 6106
4723.3575218 9 5590
4725.88159946 2 5607
4727.46408772 2 2498
4761.79110079 8 6107
4762.3575218 9 5591
4764.88159946 2 5608
4800.79110079 8 6108
4801.3575218 9 5592
4803.88159946 2 5609
4839.79110079 8 6109
4840.3575218 9 5593
4842.88159946 2 5610
4878.79110079 8 6110
4879.3575218 9 5594
4881.88159946 2 5611
4917.79110079 8 6111
4918.3575218 9 5595
4920.88159946 2 5612
4956.79110079 8 6112
4957.3575218 9 5596
4959.88159946 2 5613
4995.79110079 8 6113
4996.3575218 9 5597
4998.88159946 2 5614
5035.3575218 9 5598
5037.88159946 2 5615
5074.3575218 9 5599
5076.88159946 2 5616
5113.3575218 9 5600
5115.88159946 2 5617
5152.3575218 9 5601
5154.88159946 2 5618
5191.3575218 9 5602
5193.88159946 2 5619
5230.3575218 9 5603
5232.88159946 2 5620
5269.3575218 9 5604
5271.88159946 2 5621
5308.3575218 9 5605
5310.88159946 2 5622
5347.3575218 9 5606
5349.88159946 2 5623
5386.3575218 9 5607
5388.88159946 2 5624
5425.3575218 9 5608
5427.88159946 2 5625
5464.3575218 9 5609
5466.88159946 2 5626
5503.3575218 9 5610
5505.88159946 2 5627
5542.3575218 9 5611
5544.88159946 2 5628
5581.3575218 9 5612
5583.88159946 2 5629
5620.3575218 9 5613
5622.88159946 2 5630
5659.3575218 9 5614
5661.88159946 2 5631
5698.3575218 9 5615
5700.88159946 2 5632
5737.3575218 9 5616
5739.88159946 2 5633
5776.3575218 9 5617
5778.88159946 2 5634
5815.3575218 9 5618
5817.88159946 2 5635
5854.3575218 9 5619
5856.88159946 2 5636
5893.3575218 9 5620
5895.88159946 2 5637
5932.3575218 9 5621
5934.88159946 2 5638
5971.3575218 9 5622
5973.88159946 2 5639
6010.3575218 9 5623
6012.88159946 2 5640
6049.3575218 9 5624
6051.88159946 2 5641
6088.3575218 9 5625
6090.88159946 2 5642
6127.3575218 9 5626
6129.88159946 2 5643
6166.3575218 9 5627
6168.88159946 2 5644
6205.3575218 9 5628
6207.88159946 2 5645
6244.3575218 9 5629
6246.88159946 2 5646
6283.3575218 9 5630
6285.88159946 2 5647
6322.3575218 9 5631
6324.88159946 2 5648
6361.3575218 9 5632
6363.88159946 2 5649
6400.3575218 9 5633
6402.88159946 2 5650
6439.3575218 9 5634
6441.88159946 2 5651
6478.3575218 9 5635
6480.88159946 2 5652
6517.3575218 9 5636
6519.88159946 2 5653
6556.3575218 9 5637
6558.88159946 2 5654
6595.3575218 9 5638
6597.88159946 2 5655
6634.3575218 9 5639
6636.88159946 2 5656
6673.3575218 9 5640
6712.3575218 9 5641
6751.3575218 9 5642
6790.3575218 9 5643
6829.3575218 9 5644
6868.3575218 9 5645
6907.3575218 9 5646
6946.3575218 9 5647
6985.3575218 9 5648
7024.3575218 9 5649
7063.3575218 9 5650
7102.3575218 9 5651
7141.3575218 9 5652
7180.3575218 9 5653
7219.3575218 9 5654
7258.3575218 9 5655
7297.3575218 9 5656
7336.3575218 9 5657
7375.3575218 9 5658
7414.3575218 9 5659
7453.3575218 9 5660
7492.3575218 9 5661
7531.3575218 9 5662
7570.3575218 9 5663
7609.3575218 9 5664
7648.3575218 9 5665
7687.3575218 9 5666
7726.3575218 9 5667
7765.3575218 9 5668
7804.3575218 9 5669
7843.3575218 9 5670
7882.3575218 9 5671
7921.3575218 9 5672
7960.3575218 9 5673
7999.3575218 9 5674
8038.3575218 9 5675
8077.3575218 9 5676
8116.3575218 9 5677
8155.3575218 9 5678
8194.3575218 9 5679
8233.3575218 9 5680
8272.3575218 9 5681
8311.3575218 9 5682
8350.3575218 9 5683
8389.3575218 9 5684
8428.3575218 9 5685
