0 1000 0
1 1000 0
2 1000 0
3 1000 0
4 1000 0
5 96.4996094164 0
6 1000 1
7 1000 1
8 1000 1
9 1000 1
10 1000 1
11 379.912598227 1
12 1000 2
13 1000 2
14 1000 2
15 1000 2
16 1000 2
17 117.848498609 2
18 1000 3
19 1000 3
20 1000 3
21 1000 3
22 1000 3
23 411.506598441 3
24 1000 4
25 1000 4
26 1000 4
27 1000 4
28 1000 4
29 1000 4
30 356.240534314 4
31 1000 5
32 1000 5
33 1000 5
34 1000 5
35 1000 5
36 99.6521946588 5
37 1000 6
38 1000 6
39 1000 6
40 1000 6
41 1000 6
42 512.334825097 6
43 1000 7
44 1000 7
45 1000 7
46 1000 7
47 1000 7
48 116.565867152 7
49 1000 8
50 1000 8
51 1000 8
52 1000 8
53 1000 8
54 338.853324817 8
55 1000 9
56 1000 9
57 1000 9
58 1000 9
59 1000 9
60 1000 9
61 439.79307609 9
62 1000 10
63 1000 10
64 1000 10
65 1000 10
66 1000 10
67 75.2385417609 10
68 1000 11
69 1000 11
70 1000 11
71 1000 11
72 1000 11
73 293.879440581 11
74 1000 12
75 1000 12
76 1000 12
77 1000 12
78 1000 12
79 123.580387798 12
80 1000 13
81 1000 13
82 1000 13
83 1000 13
84 1000 13
85 309.328622768 13
86 1000 14
87 1000 14
88 1000 14
89 1000 14
90 1000 14
91 36.2544963226 14
92 1000 15
93 1000 15
94 1000 15
95 1000 15
96 1000 15
97 79.9663593959 15
98 1000 16
99 1000 16
100 1000 16
101 1000 16
102 1000 16
103 1000 16
104 1000 16
105 636.560665762 16
106 1000 17
107 1000 17
108 1000 17
109 1000 17
110 1000 17
111 212.165013671 17
112 1000 18
113 1000 18
114 1000 18
115 1000 18
116 1000 18
117 63.2928383497 18
118 1000 19
119 1000 19
120 1000 19
121 1000 19
122 1000 19
123 561.404509604 19
124 1000 20
125 1000 20
126 1000 20
127 1000 20
128 1000 20
129 360.470950675 20
130 1000 21
131 1000 21
132 1000 21
133 1000 21
134 1000 21
135 44.1770289512 21
136 1000 22
137 1000 22
138 1000 22
139 1000 22
140 1000 22
141 83.9716593359 22
142 1000 23
143 1000 23
144 1000 23
145 1000 23
146 1000 23
147 13.4348839736 23
148 1000 24
149 1000 24
150 1000 24
151 1000 24
152 1000 24
153 112.65954566 24
154 1000 25
155 1000 25
156 1000 25
157 1000 25
158 1000 25
159 357.553030074 25
160 1000 26
161 1000 26
162 1000 26
163 1000 26
164 1000 26
165 1000 26
166 380.64844549 26
167 1000 27
168 1000 27
169 1000 27
170 1000 27
171 1000 27
172 23.3190174332 27
173 1000 28
174 1000 28
175 1000 28
176 1000 28
177 1000 28
178 835.036057708 28
179 1000 29
180 1000 29
181 1000 29
182 1000 29
183 1000 29
184 194.88586084 29
185 1000 30
186 1000 30
187 1000 30
188 1000 30
189 1000 30
190 1000 30
191 422.29114217 30
192 1000 31
193 1000 31
194 1000 31
195 1000 31
196 1000 31
197 259.700024002 31
198 1000 32
199 1000 32
200 1000 32
201 1000 32
202 1000 32
203 165.296933612 32
204 1000 33
205 1000 33
206 1000 33
207 1000 33
208 1000 33
209 150.284493983 33
210 1000 34
211 1000 34
212 1000 34
213 1000 34
214 1000 34
215 188.446694325 34
216 1000 35
217 1000 35
218 1000 35
219 1000 35
220 1000 35
221 494.552389263 35
222 1000 36
223 1000 36
224 1000 36
225 1000 36
226 1000 36
227 924.798771104 36
228 1000 37
229 1000 37
230 1000 37
231 1000 37
232 1000 37
233 474.391456701 37
234 1000 38
235 1000 38
236 1000 38
237 1000 38
238 1000 38
239 272.566383295 38
240 1000 39
241 1000 39
242 1000 39
243 1000 39
244 1000 39
245 936.838084363 39
246 1000 40
247 1000 40
248 1000 40
249 1000 40
250 1000 40
251 933.576829686 40
252 1000 41
253 1000 41
254 1000 41
255 1000 41
256 1000 41
257 21.8088494856 41
258 1000 42
259 1000 42
260 1000 42
261 1000 42
262 1000 42
263 151.005354025 42
264 1000 43
265 1000 43
266 1000 43
267 1000 43
268 1000 43
269 516.774990581 43
270 1000 44
271 1000 44
272 1000 44
273 1000 44
274 1000 44
275 102.442006818 44
276 1000 45
277 1000 45
278 1000 45
279 1000 45
280 1000 45
281 269.673545869 45
282 1000 46
283 1000 46
284 1000 46
285 1000 46
286 1000 46
287 457.62743182 46
288 1000 47
289 1000 47
290 1000 47
291 1000 47
292 1000 47
293 947.1883472 47
294 1000 48
295 1000 48
296 1000 48
297 1000 48
298 1000 48
299 29.3887215346 48
300 1000 49
301 1000 49
302 1000 49
303 1000 49
304 1000 49
305 67.4359540715 49
