0 5.71185769505
1 5.37796123571
2 6.07573432906
3 5.60644607865
4 5.74072207107
5 6.83264184047
6 5.18027346256
7 5.17333383254
8 5.57241877215
9 5.8562084701
10 5.21183396169
11 5.00425149958
12 5.46391354906
13 5.21202780619
14 5.54248998286
15 5.11788350354
16 5.06108001082
17 5.1554171579
18 5.04044509141
19 5.57776179198
20 5.85104222709
21 5.29680533253
22 5.11923121675
23 5.91435277444
24 7.50905826526
25 5.17775695655
26 5.05174604974
27 5.21619009401
28 5.41416215396
29 5.21771207367
30 5.39852035096
31 5.13823731588
32 5.1234449859
33 6.03003986982
34 5.48259490314
35 5.766043349
36 5.53425098442
37 5.68244684471
38 5.15728807947
39 5.17729230133
40 5.26409554558
41 5.10482558472
42 5.35425344376
43 5.29437008234
44 5.26672609838
45 6.58123124239
46 5.23770508814
47 5.06955023333
48 5.3574928122
49 5.65760121731
50 5.12183652591
51 5.83997346421
52 5.03340981361
53 5.0034599031
54 5.05253676462
55 6.08865466891
56 5.21588285036
57 5.52010410042
58 5.04107242649
59 6.02592247097
60 5.08853633711
61 5.02438043148
62 5.51597725903
63 5.00829369556
64 5.05962814836
65 5.16793733211
66 5.43409181389
67 5.14162332282
68 5.09844552915
69 5.03770182394
70 5.40079292199
71 5.27510624489
72 5.0057404887
73 5.03993188176
74 5.21423915351
75 5.17748240072
76 5.03560740509
77 5.60129778688
78 5.88628100434
79 5.06817378605
80 5.18956641769
81 5.60733700114
82 5.28362704709
83 5.11643115912
84 5.30390471545
85 5.20741304002
86 5.07723095736
87 5.48609775655
88 5.16941636963
89 5.05729294249
90 5.01874613739
91 5.43264820534
92 5.38490060369
93 7.19828515067
94 5.15325851596
95 5.06722081015
96 5.16777693536
97 5.43108140753
98 5.01716297697
99 6.07500774321
100 5.15075306224
101 5.59007678278
102 5.02264246118
103 5.19647729124
104 5.77561292068
105 5.13811141638
106 5.45677322606
107 5.20799147858
108 5.00672882752
109 5.41997665841
110 5.60085707907
111 5.01687489741
112 5.89981340658
113 6.86441630718
114 7.3346700405
115 6.14701742703
116 5.06756838596
117 7.15694690558
118 5.08746815219
119 5.00040511602
120 5.43532553178
121 5.26820650296
122 5.3307852878
123 5.10592478739
124 5.14308914
125 5.11562662649
126 5.4138920258
127 5.04927975241
128 5.23740794185
129 6.96642473984
130 5.78935945053
131 5.00878205883
132 5.21725888256
133 5.04590785708
134 5.09936179173
135 5.08364200809
136 5.07342222337
137 7.16767804415
138 7.00666436547
139 5.42482085795
140 9.58229728164
141 5.12909078424
142 6.76305524514
143 5.06332726012
144 6.47239483199
145 5.88844433759
146 5.20489172988
147 5.11492541969
148 5.19701404932
149 5.00000915222
150 5.17669671231
151 5.04325226393
152 5.51144006221
153 5.69812779304
154 6.48605363742
155 5.60510818455
156 5.40748261654
157 5.55442890645
158 5.00538010166
159 5.15359624983
160 5.75320568755
161 6.40607765783
162 5.03419151255
163 5.43231220413
164 6.34923365246
165 5.18167207149
166 5.02183344571
167 5.09714967891
168 5.48134490546
169 5.04563680795
170 5.63586912638
171 5.47325719231
172 5.42711947138
173 5.29734125664
174 5.27578565986
175 9.52482437696
176 5.0630608841
177 6.10459120918
178 5.08470144845
179 5.35360743756
180 5.97448020414
181 5.11214230296
182 9.16486518652
183 5.63344459536
184 5.00414151553
185 5.16148581354
186 5.26932689277
187 5.06980594921
188 5.52757036099
189 5.13856580651
190 5.56155534733
191 5.6463550349
192 7.65984177025
193 5.07090658184
194 5.05811804477
195 5.61999692729
196 5.06039033916
197 5.15730544111
198 5.05579691295
199 5.17034316077
200 5.05810222073
201 5.48318050436
202 5.10697538525
203 5.2742058736
204 5.14934281776
205 5.7364899773
206 5.37941308496
207 5.04746448445
208 5.19386860022
209 5.03403915957
210 5.36631926122
211 5.02528118943
212 5.53216634916
213 5.02816131043
214 5.03766590341
215 6.45166118491
216 5.06822677167
217 5.29336318148
218 5.13354603811
219 5.08138416666
220 5.8191540536
221 5.00327195364
222 5.56361814274
223 5.00364831753
224 5.06679769519
225 5.94171482449
226 5.09274627341
227 5.03948616363
228 5.51175145128
229 5.76648539681
230 5.26812691734
231 6.36583811414
232 6.17037802834
233 5.51480899422
234 5.03382800548
235 5.31717653094
236 5.80544018314
237 5.50114643513
238 5.44272464101
239 5.82058568388
240 5.47293570781
241 5.47072685025
242 5.13180549454
243 5.23401100198
244 5.81388044101
245 5.5742565866
246 5.47453632657
247 5.05632960337
248 5.75916564084
249 5.63758965282
250 5.10521247371
251 5.45535496452
252 5.11147926028
253 6.6762182796
254 5.15657514798
255 5.87394407958
256 5.60703118813
257 5.19191577288
258 5.55205851525
259 5.18330581218
260 6.85958414674
261 5.01719799245
262 5.0676021719
263 5.07952264272
264 5.42046820965
265 10.3802578365
266 5.15866072035
267 5.07242521743
268 6.38767268022
269 5.21910416783
270 5.2356059917
271 5.21351197913
272 6.73237112994
273 5.47738199231
274 5.45045623175
275 5.05775752783
276 5.08785317304
277 5.13652657311
278 5.00606014549
279 5.44748251904
280 5.42792501939
281 5.65517267596
282 5.52638245659
283 5.20337381075
284 5.18014745033
285 5.64106889714
286 5.11977322712
287 5.29407951032
288 5.01420854177
289 5.06500784433
290 5.70949108322
291 5.75506966495
292 5.00281277173
293 5.57002802536
294 5.01190694475
295 5.14520623252
296 5.50225787019
297 5.1309887451
298 5.25580583051
299 5.26424870434
300 5.54036452266
301 5.05070907494
302 5.25528553585
303 5.00218769904
304 5.59547401669
305 5.01077457168
306 6.35166024341
307 5.53272430633
308 5.00633275797
309 5.0969746757
310 6.0920682676
311 5.80591997301
312 5.60883064396
313 5.0262614136
314 6.24616916986
315 5.00277447675
316 9.72977132812
317 6.00796995528
318 7.06523332159
319 5.29377853487
320 6.06435595186
321 5.08508339514
322 5.29730840314
323 5.27412812175
324 5.13659536005
325 5.0601046908
326 5.54260992379
327 8.04533819229
328 5.67288880936
329 5.09321850934
330 5.63599560936
331 5.70834247799
332 5.05542348342
333 5.02415663156
334 5.34566082601
335 5.06053299272
336 5.07740529685
337 5.085611278
338 5.50779624377
339 5.00446327502
340 5.08328005377
341 5.11074487345
342 6.11614465194
343 5.24054505921
344 5.1194976149
345 5.03143621806
346 5.22870522934
347 5.66807306626
348 5.13694019058
349 10.519570501
350 7.16566502306
351 5.54233772757
352 5.7907354683
353 5.13894437627
354 5.50422814948
355 5.45974413331
356 5.27845953994
357 6.0468885352
358 5.04862048147
359 5.05294923761
360 5.43863578786
361 5.37533729371
362 5.94035820273
363 8.33037336961
364 5.94461060488
365 5.65921318013
366 5.13197505334
367 5.17189833287
368 5.18759165901
369 5.38677219806
370 5.20725386407
371 5.66870940569
372 5.58151781083
373 5.01324984942
374 5.30830720496
375 5.08546450951
376 5.20986929626
377 5.07987282146
378 5.14381288935
379 5.0179971267
380 5.50309265541
381 5.26392212535
382 5.27290776491
383 5.4842207056
384 5.57713244959
385 5.44822033555
386 5.48728677159
387 5.17731182809
388 5.01742227341
389 5.01019741146
390 5.20693994158
391 5.08549340073
392 5.10451081688
393 5.29485733368
394 5.91456299169
395 5.25248062165
396 5.4302695875
397 5.28755129924
398 5.10905165459
399 5.06010084814
400 6.05723506105
401 5.229252878
402 5.64352136351
403 5.43179615386
404 5.14884706899
405 5.43272296115
406 5.32456396908
407 5.04712876317
408 8.01932280022
409 5.89702747492
410 7.24867781066
411 5.16523336375
412 5.06618926891
413 5.03533137404
414 5.38595561783
415 5.66479972595
416 5.20234832761
417 6.64882204761
418 5.66190172694
419 5.00853826278
420 5.34803366038
421 5.19092999798
422 5.11076098124
423 5.22266466748
424 5.80915021646
425 5.11789160096
426 5.12057645508
427 5.43408846222
428 5.53049907324
429 7.17156038445
430 5.97333417707
431 5.08621118573
432 5.34401392689
433 5.41458938672
434 5.22464209816
435 5.44407363745
436 5.6891036501
437 6.11275434301
438 5.25832009478
439 5.53889058758
440 5.19347841731
441 6.12172217803
442 5.06524309415
443 9.900298499
444 5.54371301278
445 5.12048434528
446 5.09609080453
447 5.41040084014
448 5.11031086748
449 7.23297732651
450 5.56833836715
451 5.67620093765
452 5.0138059498
453 5.47144655268
454 5.14002987834
455 5.11816891191
456 5.75921722574
457 5.0655986222
458 5.13529478416
459 5.24022886648
460 5.36521269322
461 5.02865798296
462 5.56765228324
463 5.13324874925
464 5.83049081024
465 5.09811012396
466 5.0163429833
467 5.74651919765
468 5.40877977746
469 5.90429060375
470 6.90761521594
471 5.03346237185
472 5.08276530176
473 5.58664019966
474 5.16231773984
475 7.17018396483
476 5.53794868927
477 5.65718735488
478 5.10567764724
479 5.05359585892
480 5.41718572008
481 5.00229804149
482 5.00838161236
483 5.37941550679
484 5.14027840981
485 6.11684902883
486 5.0897476333
487 5.21294759158
488 5.03161161239
489 5.82180734575
490 5.04516612562
491 6.87747853617
492 6.5181838063
493 5.08543131129
494 5.17991857045
495 5.03183595577
496 5.51540473686
497 5.27657335269
498 5.29362604365
499 5.20957995035
500 5.09216855404
501 5.38003503071
502 5.50195595866
503 6.05074252101
504 5.00308131515
505 5.06427167338
506 5.0308657415
507 7.0650409857
508 5.37946801096
509 5.32534715974
510 5.89907622482
511 5.30612567127
512 6.16777423309
513 5.01658207146
514 5.13826001202
515 5.32171316138
516 5.43086063412
517 5.48304512389
518 5.24221512035
519 5.18131958207
520 5.3911121938
521 5.15641601127
522 5.03161535381
523 5.94440688815
524 5.00607830909
525 5.77129349144
526 5.12379714324
527 6.36248151835
528 6.63591802033
529 5.70301748887
530 5.08462830662
531 9.48679100654
532 5.33099781892
533 5.44919466999
534 5.175178611
535 5.03940897017
536 5.28495138129
537 5.56230373396
538 5.13769039997
539 5.13500416474
540 5.08323728631
541 5.62920261525
542 5.43207364186
543 5.74553970853
544 5.36673529099
545 5.04944472562
546 7.12618848361
547 5.05174501435
548 5.72312030796
549 5.10090791996
550 5.04816796403
551 5.37602031445
552 5.33224765359
553 5.20751371969
554 5.77405903544
555 5.36235954742
556 5.61823490032
557 5.48360302398
558 5.99839126888
559 5.21816160418
560 5.87895949828
561 5.03915626462
562 5.46166191361
563 5.28207485956
564 5.03851918454
565 6.39535622162
566 5.19505366626
567 5.21634287036
568 8.72075557386
569 5.00329188973
570 5.0288884853
571 5.88491934933
572 5.14845870558
573 5.66875083749
574 5.11035936091
575 5.64820627184
576 5.23533609185
577 5.11592181028
578 5.15424325586
579 5.61566255063
580 5.10808962805
581 5.03709538328
582 5.31131491368
583 6.09816654519
584 6.9063045954
585 5.24368128036
586 5.18790270164
587 7.42153202442
588 5.30909288211
589 5.06694308207
590 5.03270181915
591 5.20206013757
592 5.31261533182
593 5.05790513915
594 5.7688729062
595 5.16754462236
596 5.06137762306
597 6.08942818491
598 5.32773136331
599 5.16689619431
600 5.45552281693
601 5.54794011736
602 5.28297611737
603 5.02989764789
604 5.39471483009
605 5.3266383266
606 5.23016944123
607 5.04051056627
608 5.14092075518
609 5.68503481668
610 5.01865455442
611 6.4281265304
612 5.08283170119
613 5.27562124524
614 7.05101611569
615 5.28609963887
616 5.24024074435
617 5.38953936215
618 5.01806206803
619 5.43031013642
620 5.2631675247
621 5.16046580173
622 5.3386253328
623 5.03360198122
624 5.05363932319
625 5.18017078429
626 5.91632877996
627 5.20773756942
628 13.32885416
629 5.05734132805
630 6.45692366386
631 8.98768448573
632 5.06398331795
633 5.77589825354
634 5.09727787289
635 5.02681698879
636 5.32797325072
637 5.07117732037
638 5.23222351676
639 5.93153718559
640 6.14385829085
641 5.02271983938
642 5.35598359812
643 5.17033079256
644 5.01757831515
645 5.0344349592
646 6.15641821251
647 5.20063811413
648 5.34537108706
649 5.4885450348
650 5.19169027237
651 5.05745059277
652 5.12979913992
653 5.53265818494
654 5.11166517584
655 5.2532729942
656 5.09628109609
657 5.19737339981
658 5.15881774005
659 5.573457592
660 5.01278086672
661 5.00372998235
662 5.04920106451
663 5.05849252387
664 5.00277048498
665 5.08102649184
666 5.06577447453
667 7.24783714778
668 5.22549538598
669 5.88280989375
670 5.36828916242
671 5.10343758468
672 5.47433782307
673 5.35125861671
674 5.23880238377
675 5.02649355705
676 5.05557021023
677 6.3487309028
678 6.62975834067
679 5.03691451519
680 5.07232514354
681 6.03448881948
682 5.19663399875
683 8.27023261676
684 5.27500773135
685 5.28021105883
686 5.57526761358
687 5.03285064855
688 5.02786429985
689 5.04298453095
690 5.00841803393
691 5.28582103886
692 5.14976461946
693 5.00880298906
694 5.03985233548
695 5.94440942436
696 5.81160239739
697 5.3323590582
698 5.30957435344
699 5.03130240252
700 5.17818357141
701 5.12429079744
702 6.60549629678
703 5.00053105544
704 5.11101622358
705 6.07208190186
706 5.04210034053
707 5.08048519312
708 5.8177040916
709 5.55089370406
710 5.15425188318
711 5.00874440171
712 5.24909821895
713 5.6215698258
714 5.15709512368
715 5.00273536181
716 5.05552996913
717 5.06306891638
718 5.14305619664
719 5.15123112125
720 5.25368043314
721 5.11833595156
722 5.31879284294
723 5.61498252145
724 6.08401705019
725 5.09054467288
726 5.61940990843
727 5.23530783826
728 5.08070948269
729 5.03322423451
730 5.2167444019
731 5.02560881071
732 5.33922422606
733 5.19912472946
734 5.45224719138
735 5.22369790381
736 5.06978517867
737 5.69072494965
738 6.3500449815
739 5.41754685852
740 5.46843945101
741 5.03163711257
742 5.13236807596
743 5.61051827391
744 5.01383608184
745 5.07347647763
746 5.36481680324
747 5.39111490315
748 5.24269427553
749 5.0370444662
750 5.8027858641
751 5.21860206022
752 6.12899313603
753 5.6422129369
754 5.1355296628
755 5.03655213832
756 5.56785218754
757 5.02148700674
758 5.01389600097
759 5.40008984175
760 8.66613584999
761 5.41425379094
762 5.09752035079
763 5.35119502256
764 6.48726082829
765 5.02849611154
766 5.45159681527
767 5.02683525277
768 5.34984822167
769 5.14084775809
770 5.05346416506
771 5.33466385308
772 5.92190075948
773 5.05181901456
774 5.04401094144
775 8.25876061311
776 5.44122596869
777 5.61797661285
778 5.2419274471
779 6.35361206895
780 6.09685155689
781 5.03351015042
782 5.06740679366
783 5.12438674919
784 5.44549968067
785 5.37865149452
786 5.18298653196
787 5.13210416912
788 5.0657598159
789 5.94397878103
790 5.042880038
791 5.44701634679
792 5.28540574094
793 5.14618891012
794 5.06275158992
795 5.00323875636
796 9.11411263818
797 5.06910238835
798 5.00734396654
799 5.04369750458
800 6.06141305166
801 5.10120170075
802 6.11216716632
803 5.14962584781
804 6.47424172524
805 5.46572868447
806 6.90119713829
807 5.29196575397
808 5.09750819013
809 6.51050371789
810 5.18387179966
811 6.94037987654
812 5.16874685809
813 5.37630139245
814 5.03499111924
815 5.24072458091
816 6.13217432722
817 5.19580725877
818 5.52279270283
819 5.51790673366
820 6.29629097759
821 5.38915772189
822 5.33592297514
823 5.4282040457
824 5.09902133817
825 5.70601957159
826 5.35752387328
827 5.59804159176
828 5.19400759972
829 6.63654308034
830 5.00240677899
831 5.38313377728
832 5.05259918285
833 5.57522876142
834 5.35627727456
835 5.58658239278
836 6.06169448233
837 6.79202362428
838 6.54616594225
839 6.81396572433
840 5.96171689041
841 5.10376420119
842 5.53372456779
843 5.15716554159
844 5.03021037461
845 5.0481436374
846 5.09367050691
847 5.91632914591
848 5.24186820612
849 5.06262093493
850 5.1130252016
851 5.42080133773
852 6.16457272746
853 5.07453796057
854 5.36600244712
855 5.02213292868
856 5.0529444741
857 6.9385355372
858 5.19682477463
859 5.37021830481
860 5.88287318102
861 6.58569427967
862 7.33694748849
863 5.26066818872
864 6.5742439307
865 5.87636827246
866 5.11873104528
867 5.01820586315
868 5.29189417051
869 5.40841618564
870 5.48270809044
871 5.12958065312
872 5.66202824769
873 5.26845851028
874 5.39881369269
875 5.24681887064
876 5.02673045659
877 5.50823920756
878 5.00410021776
879 5.56976296469
880 5.60021382755
881 5.1068642373
882 5.59648886409
883 5.67905357525
884 5.03534864288
885 5.69770152196
886 5.05171470313
887 5.86643862155
888 5.07867536031
889 5.08928714465
890 5.15523658336
891 5.03267127263
892 5.04696420771
893 5.33748988802
894 5.08747817055
895 6.59330833062
896 5.17245263712
897 5.15134606407
898 6.57602787544
899 5.27252922253
900 5.03517731256
901 5.12064226454
902 5.58614442313
903 5.59194966904
904 5.68447250425
905 6.95518222944
906 5.33355390361
907 5.17451801786
908 5.31152315497
909 5.12763970834
910 5.12523949315
911 5.08323686783
912 5.89488348834
913 5.16453653016
914 6.01357424136
915 5.16682215578
916 7.88616801307
917 5.80638426224
918 5.04031972495
919 5.06174951919
920 5.07621774236
921 5.42341029775
922 5.36914643932
923 5.29859868816
924 5.11481990214
925 5.3248075204
926 5.00809385876
927 6.02123979982
928 5.00697892452
929 6.73247651628
930 5.22817317376
931 6.17370189134
932 5.71454288255
933 5.37020246293
934 5.33969738341
935 5.10253674338
936 5.43957211304
937 5.01384013804
938 5.55203318232
939 5.86423738972
940 5.09054983707
941 5.08472184972
942 5.4804411994
943 5.15674351088
944 5.84963293328
945 5.24526367098
946 5.55543048892
947 5.15997713684
948 7.09385470973
949 5.0234721614
950 5.68240173456
951 5.0990256061
952 5.50985491136
953 5.04785275156
954 5.48142137413
955 5.35791987573
956 5.2023772583
957 6.20807398602
958 5.94529529909
959 5.23421244408
960 5.37422508628
961 5.00934584802
962 5.23952283957
963 5.60912117303
964 5.52061092654
965 5.08041288147
966 6.56478075782
967 5.01375881862
968 8.42311764933
969 6.66314101226
970 5.15314567811
971 6.45682757428
972 5.21493458487
973 5.4598969238
974 5.01168171837
975 5.10313021024
976 5.11659607742
977 5.12669242186
978 5.14442233029
979 5.65198739746
980 5.01345813181
981 5.98298210845
982 5.76592096998
983 5.05296823325
984 5.58862478466
985 5.05136239428
986 5.10013701135
987 5.02177989883
988 5.35045222685
989 6.98512419741
990 5.07462601834
991 5.06096998862
992 5.07013410391
993 5.14148685192
994 5.52119803335
995 5.18748765344
996 6.17023488714
997 5.32441461652
998 6.57600747515
999 5.71377736282
